-1.078334264457225800e-02
-4.949139803647994995e-02
-1.001666262745857239e-01
-1.155584603548049927e-01
-1.028598248958587646e-01
-9.579230844974517822e-02
-1.068667024374008179e-01
-9.790392220020294189e-02
-9.862256795167922974e-02
-8.864068239927291870e-02
-9.803451597690582275e-02
-9.068489819765090942e-02
-1.079839915037155151e-01
-9.315505623817443848e-02
-9.416110813617706299e-02
-9.913613647222518921e-02
-8.628384768962860107e-02
-8.305913209915161133e-02
-7.828000932931900024e-02
-7.835942506790161133e-02
-9.035885334014892578e-02
-9.788959473371505737e-02
-7.825683057308197021e-02
-6.921559572219848633e-02
-8.694998174905776978e-02
-8.370804041624069214e-02
-8.376503735780715942e-02
-8.211404085159301758e-02
-7.503072917461395264e-02
-7.801480591297149658e-02
-7.281608134508132935e-02
-7.183385640382766724e-02
-8.392176032066345215e-02
-7.360817492008209229e-02
-6.388616561889648438e-02
-6.925754994153976440e-02
-5.863011628389358521e-02
-7.276058197021484375e-02
-8.513515442609786987e-02
-6.767163425683975220e-02
-6.633905321359634399e-02
-6.431871652603149414e-02
-5.452581867575645447e-02
-6.854493916034698486e-02
-6.420335918664932251e-02
-5.370353907346725464e-02
-7.936306297779083252e-02
-7.598908245563507080e-02
-5.245506018400192261e-02
-6.141476705670356750e-02
-6.865014880895614624e-02
-6.369980424642562866e-02
-6.935940682888031006e-02
-6.354228407144546509e-02
-6.484848260879516602e-02
-8.590008318424224854e-02
-5.689138174057006836e-02
-6.173970550298690796e-02
-8.056960999965667725e-02
-6.690114736557006836e-02
-5.328298732638359070e-02
-6.721857935190200806e-02
-5.681595951318740845e-02
-5.998370796442031860e-02
-6.002310663461685181e-02
-5.410718172788619995e-02
-6.241440027952194214e-02
-4.565696790814399719e-02
-5.505875498056411743e-02
-4.668980091810226440e-02
-6.495581567287445068e-02
-6.408858299255371094e-02
-5.662016570568084717e-02
-6.094556301832199097e-02
-4.706767573952674866e-02
-5.030197650194168091e-02
-5.670880526304244995e-02
-5.577526241540908813e-02
-5.624835193157196045e-02
-5.942950397729873657e-02
-5.006021633744239807e-02
-5.874334275722503662e-02
-6.267645955085754395e-02
-5.395574867725372314e-02
-5.951135605573654175e-02
-6.020406261086463928e-02
-5.040023475885391235e-02
-5.227430164813995361e-02
-5.807090178132057190e-02
-5.490866303443908691e-02
-4.235627874732017517e-02
-5.460849031805992126e-02
-5.527091398835182190e-02
-4.810469597578048706e-02
-4.748825728893280029e-02
-3.865323588252067566e-02
-3.965970128774642944e-02
-4.181903228163719177e-02
-4.142659902572631836e-02
-5.936922505497932434e-02
-4.221742227673530579e-02
-5.145615711808204651e-02
-3.732982277870178223e-02
-5.073363333940505981e-02
-3.938476741313934326e-02
-4.059208557009696960e-02
-5.276858061552047729e-02
-4.453751444816589355e-02
-3.764815628528594971e-02
-4.434560984373092651e-02
-4.497459530830383301e-02
-3.970440477132797241e-02
-4.028320312500000000e-02
-2.585378289222717285e-02
-3.842026740312576294e-02
-4.475636780261993408e-02
-3.520184010267257690e-02
-3.603973612189292908e-02
-4.520934820175170898e-02
-4.323517531156539917e-02
-3.755119815468788147e-02
-4.115912318229675293e-02
-2.757003717124462128e-02
-4.040287062525749207e-02
-3.981512039899826050e-02
-4.567634314298629761e-02
-3.065857850015163422e-02
-3.627412393689155579e-02
-4.827921837568283081e-02
-4.101112112402915955e-02
-3.953278809785842896e-02
-4.116030409932136536e-02
-2.788176760077476501e-02
-3.076208196580410004e-02
-3.163502737879753113e-02
-2.992531843483448029e-02
-2.808918990194797516e-02
-4.796154797077178955e-02
-3.121240809559822083e-02
-3.547212854027748108e-02
-2.629609592258930206e-02
-3.910184651613235474e-02
-3.906107693910598755e-02
-3.665780276060104370e-02
-2.681986801326274872e-02
-3.563342988491058350e-02
-4.558996856212615967e-02
-3.308480605483055115e-02
-3.186212107539176941e-02
-3.841578960418701172e-02
-4.224746301770210266e-02
-3.865162655711174011e-02
-3.403896093368530273e-02
-3.479978814721107483e-02
-3.224607929587364197e-02
-2.705569192767143250e-02
-3.663747757673263550e-02
-3.936225548386573792e-02
-3.423390164971351624e-02
-2.442678064107894897e-02
-2.033260837197303772e-02
-2.813388034701347351e-02
-4.028532281517982483e-02
-3.894932568073272705e-02
-5.043336749076843262e-02
-2.312945388257503510e-02
-3.679646551609039307e-02
-3.391113132238388062e-02
-2.872815914452075958e-02
-2.956723049283027649e-02
-2.941344678401947021e-02
-3.042070753872394562e-02
-3.681921213865280151e-02
-2.576848864555358887e-02
-2.532870694994926453e-02
-3.515916317701339722e-02
-2.879410423338413239e-02
-3.260984644293785095e-02
-2.593557909131050110e-02
-4.470153898000717163e-02
-4.047204554080963135e-02
-3.446589410305023193e-02
-1.665184646844863892e-02
-3.375262767076492310e-02
-3.140233457088470459e-02
-3.829563781619071960e-02
-3.557978942990303040e-02
-3.865385055541992188e-02
-3.034170717000961304e-02
-2.445401623845100403e-02
-2.339584566652774811e-02
-2.228887192904949188e-02
-4.688627645373344421e-02
-3.401194885373115540e-02
-2.622834965586662292e-02
-3.525658696889877319e-02
-2.599696069955825806e-02
-2.730370499193668365e-02
-2.534560114145278931e-02
-3.388822451233863831e-02
-2.461232058703899384e-02
-3.985574841499328613e-02
-3.719269484281539917e-02
-3.242001682519912720e-02
-3.084822185337543488e-02
-2.234506979584693909e-02
-2.295425347983837128e-02
-2.173722162842750549e-02
-1.822817325592041016e-02
-2.908500470221042633e-02
-3.451716899871826172e-02
-1.948707178235054016e-02
-2.667029015719890594e-02
-2.639906853437423706e-02
-3.750852867960929871e-02
-2.843087352812290192e-02
-1.999201811850070953e-02
-2.319330722093582153e-02
-2.771705016493797302e-02
-7.736029103398323059e-03
-2.528684772551059723e-02
-2.853212133049964905e-02
-2.300897799432277679e-02
-2.679561078548431396e-02
-2.712110057473182678e-02
-2.255299128592014313e-02
-2.344934083521366119e-02
-3.128562122583389282e-02
-3.082520142197608948e-02
-2.289577946066856384e-02
-2.715515531599521637e-02
-2.722549997270107269e-02
-3.504334390163421631e-02
-2.495510876178741455e-02
-2.328618057072162628e-02
-2.507099881768226624e-02
-1.453823223710060120e-02
-1.946186274290084839e-02
-2.929453365504741669e-02
-2.482112497091293335e-02
-2.718671783804893494e-02
-2.905045822262763977e-02
-3.104775398969650269e-02
-1.845986023545265198e-02
-2.674912847578525543e-02
-2.350798249244689941e-02
-3.055463172495365143e-02
-3.329595923423767090e-02
-3.158005699515342712e-02
-1.919138245284557343e-02
-3.302174061536788940e-02
-2.788299880921840668e-02
-2.218123711645603180e-02
-1.461632549762725830e-02
-3.504887968301773071e-02
-3.138541430234909058e-02
-1.950669102370738983e-02
-1.861183345317840576e-02
-2.483376115560531616e-02
-2.588095888495445251e-02
-1.835228130221366882e-02
-1.850058324635028839e-02
-1.474919728934764862e-02
-1.981942728161811829e-02
-2.979578636586666107e-02
-3.623651713132858276e-02
-2.006820403039455414e-02
-2.328534796833992004e-02
-2.394332922995090485e-02
-2.774482220411300659e-02
-3.174302726984024048e-02
-3.088006563484668732e-02
-1.808293908834457397e-02
-1.631637476384639740e-02
-1.872203871607780457e-02
-2.921556681394577026e-02
-3.187257423996925354e-02
-3.844112530350685120e-02
-1.584847830235958099e-02
-1.685120165348052979e-02
-1.786563731729984283e-02
-3.065862320363521576e-02
-2.022889256477355957e-02
-1.705937832593917847e-02
-1.620459184050559998e-02
-2.958568930625915527e-02
-8.515639230608940125e-03
-1.955975219607353210e-02
-1.798302680253982544e-02
-2.986430935561656952e-02
-2.350381948053836823e-02
-2.766228467226028442e-02
-2.671263553202152252e-02
-2.764273248612880707e-02
-2.242353558540344238e-02
-2.128386870026588440e-02
-2.313737571239471436e-02
-2.992612868547439575e-02
-2.169229276478290558e-02
-2.406504377722740173e-02
-2.767835184931755066e-02
-2.734976261854171753e-02
-2.087511308491230011e-02
-1.792017742991447449e-02
-2.650711499154567719e-02
-2.190794795751571655e-02
-3.286183625459671021e-02
-2.368548698723316193e-02
-1.770871691405773163e-02
-3.186291456222534180e-02
-3.009228408336639404e-02
-2.361377514898777008e-02
-2.871144004166126251e-02
-2.695139497518539429e-02
-2.123294025659561157e-02
-2.183937653899192810e-02
-1.787867210805416107e-02
-1.737787947058677673e-02
-2.716548740863800049e-02
-2.078583464026451111e-02
-1.654075831174850464e-02
-2.782243862748146057e-02
-2.719162404537200928e-02
-2.397172898054122925e-02
-2.224835567176342010e-02
-2.174380421638488770e-02
-2.879888378083705902e-02
-1.590965315699577332e-02
-2.708529680967330933e-02
-2.757862769067287445e-02
-1.565743610262870789e-02
-1.479348354041576385e-02
-1.595283485949039459e-02
-3.069151937961578369e-02
-3.214094787836074829e-02
-1.875838823616504669e-02
-2.512543462216854095e-02
-1.685316488146781921e-02
-2.017586678266525269e-02
-1.921773701906204224e-02
-2.860369533300399780e-02
-2.550856955349445343e-02
-1.961469091475009918e-02
-1.834292709827423096e-02
-1.986291073262691498e-02
-1.894932612776756287e-02
-1.898643933236598969e-02
-2.846642024815082550e-02
-2.228936180472373962e-02
-1.510930899530649185e-02
-2.134777791798114777e-02
-2.621467411518096924e-02
-2.088363654911518097e-02
-3.059240058064460754e-02
-2.502618543803691864e-02
-2.079115435481071472e-02
-1.968807354569435120e-02
-1.906184852123260498e-02
-3.004176169633865356e-02
-1.716804876923561096e-02
-1.641367934644222260e-02
-2.954818867146968842e-02
-2.607803232967853546e-02
-1.945400424301624298e-02
-1.657479628920555115e-02
-2.381495945155620575e-02
-2.657781541347503662e-02
-2.824027836322784424e-02
-2.336154319345951080e-02
-2.368733286857604980e-02
-1.844736933708190918e-02
-2.378303743898868561e-02
-2.596089616417884827e-02
-1.883406378328800201e-02
-1.794651336967945099e-02
-2.650117501616477966e-02
-3.068852238357067108e-02
-2.076474949717521667e-02
-1.748313009738922119e-02
-2.486170828342437744e-02
-2.432606928050518036e-02
-3.019932284951210022e-02
-2.764596790075302124e-02
-2.195307239890098572e-02
-2.705702930688858032e-02
-1.815494149923324585e-02
-2.449781447649002075e-02
-2.302266098558902740e-02
-1.153185591101646423e-02
-1.994161121547222137e-02
-2.296980842947959900e-02
-2.611277811229228973e-02
-2.304535731673240662e-02
-2.146355435252189636e-02
-1.601807773113250732e-02
-2.306796796619892120e-02
-2.397948130965232849e-02
-1.986168324947357178e-02
-1.841602846980094910e-02
-2.525378204882144928e-02
-2.448969706892967224e-02
-2.270252443850040436e-02
-2.050195261836051941e-02
-1.940774358808994293e-02
-2.144603244960308075e-02
-2.780534699559211731e-02
-1.571474783122539520e-02
-2.438457496464252472e-02
-3.029055893421173096e-02
-1.708701997995376587e-02
-2.044610306620597839e-02
-2.310948818922042847e-02
-1.806094497442245483e-02
-2.121718972921371460e-02
-2.811837196350097656e-02
-2.660481818020343781e-02
-2.174184471368789673e-02
-2.006611786782741547e-02
-2.551836892962455750e-02
-2.757349610328674316e-02
-2.424930036067962646e-02
-2.363316155970096588e-02
-2.444110810756683350e-02
-2.527985349297523499e-02
-1.973974891006946564e-02
-2.685861103236675262e-02
-2.203682810068130493e-02
-1.991313323378562927e-02
-2.701105177402496338e-02
-1.709828525781631470e-02
-3.132701292634010315e-02
-2.483776398003101349e-02
-1.498008519411087036e-02
-1.258484087884426117e-02
-3.533273935317993164e-02
-2.658054046332836151e-02
-1.639075763523578644e-02
-2.325485087931156158e-02
-2.329619601368904114e-02
-2.718885801732540131e-02
-1.126670837402343750e-02
-1.537565141916275024e-02
-2.035581693053245544e-02
-2.099432237446308136e-02
-2.514575980603694916e-02
-1.746934279799461365e-02
-2.139162644743919373e-02
-1.994798332452774048e-02
-2.200778760015964508e-02
-2.592909336090087891e-02
-1.916447281837463379e-02
-1.863330230116844177e-02
-1.677471771836280823e-02
-2.497065998613834381e-02
-1.670962013304233551e-02
-1.631832309067249298e-02
-1.260454766452312469e-02
-1.672600954771041870e-02
-1.514407247304916382e-02
-2.446484938263893127e-02
-2.641446143388748169e-02
-2.394841238856315613e-02
-2.334404550492763519e-02
-2.023335173726081848e-02
-2.396149747073650360e-02
-1.821305230259895325e-02
-1.872349157929420471e-02
-2.784358523786067963e-02
-1.888279244303703308e-02
-2.303140051662921906e-02
-1.928444579243659973e-02
-2.496104687452316284e-02
-1.602513529360294342e-02
-1.974242553114891052e-02
-1.803588494658470154e-02
-2.266913652420043945e-02
-2.328405529260635376e-02
-2.270494773983955383e-02
-1.227350160479545593e-02
-1.833397150039672852e-02
-2.257978171110153198e-02
-2.067503705620765686e-02
-2.346107922494411469e-02
-2.679509483277797699e-02
-2.698059752583503723e-02
-2.686610631644725800e-02
-2.574891597032546997e-02
-2.075051888823509216e-02
-2.194171398878097534e-02
-2.562496811151504517e-02
-2.584303915500640869e-02
-2.003591507673263550e-02
-2.326821908354759216e-02
-2.662880532443523407e-02
-2.071154862642288208e-02
-2.123083546757698059e-02
-2.880438975989818573e-02
-2.108480408787727356e-02
-1.598674058914184570e-02
-1.841591112315654755e-02
-2.367977797985076904e-02
-1.989682577550411224e-02
-2.543378248810768127e-02
-2.225027419626712799e-02
-2.501379325985908508e-02
-2.787785604596138000e-02
-2.128735184669494629e-02
-1.201212778687477112e-02
-1.548624224960803986e-02
-2.690087445080280304e-02
-1.618319563567638397e-02
-1.660787127912044525e-02
-9.212506003677845001e-03
-1.982304267585277557e-02
-1.822108030319213867e-02
-1.873925700783729553e-02
-2.647476084530353546e-02
-1.709054782986640930e-02
-1.771093346178531647e-02
-2.446360886096954346e-02
-1.706472784280776978e-02
-2.100885473191738129e-02
-1.692759618163108826e-02
-3.215175867080688477e-02
-1.968739926815032959e-02
-3.467456623911857605e-02
-1.313107088208198547e-02
-2.371135726571083069e-02
-2.173811942338943481e-02
-2.932434529066085815e-02
-1.940226741135120392e-02
-2.511916495859622955e-02
-2.207702957093715668e-02
-2.625383436679840088e-02
-2.388032153248786926e-02
-1.785974018275737762e-02
-1.744390651583671570e-02
-2.669037133455276489e-02
-2.272002771496772766e-02
-2.847914397716522217e-02
-2.231129258871078491e-02
-2.126021310687065125e-02
-1.529709994792938232e-02
-1.475608721375465393e-02
-2.092127874493598938e-02
-2.788518369197845459e-02
-1.949136890470981598e-02
-1.928098127245903015e-02
-2.438150532543659210e-02
-2.114867419004440308e-02
-1.748839952051639557e-02
-2.152420952916145325e-02
-2.273928560316562653e-02
-2.100191079080104828e-02
-1.717414893209934235e-02
-2.508492395281791687e-02
-1.760716363787651062e-02
-2.389942482113838196e-02
-2.370207943022251129e-02
-2.238944172859191895e-02
-1.066943258047103882e-02
-2.180836163461208344e-02
-2.074358612298965454e-02
-2.352789416909217834e-02
-1.658530160784721375e-02
-1.820013672113418579e-02
-2.311724983155727386e-02
-2.216230891644954681e-02
-1.784512028098106384e-02
-2.376002073287963867e-02
-2.650399133563041687e-02
-2.070041373372077942e-02
-1.950733363628387451e-02
-2.442012354731559753e-02
-1.784972846508026123e-02
-2.685891464352607727e-02
-1.780340448021888733e-02
-1.836072653532028198e-02
-1.812202483415603638e-02
-2.715962193906307220e-02
-2.989764325320720673e-02
-2.734907157719135284e-02
-1.818081550300121307e-02
-2.232120558619499207e-02
-2.382630482316017151e-02
-1.787149533629417419e-02
-3.260247781872749329e-02
-1.649296283721923828e-02
-2.700817584991455078e-02
-1.426382828503847122e-02
-1.718420162796974182e-02
-2.216289006173610687e-02
-2.149555645883083344e-02
-2.166595123708248138e-02
-2.480424940586090088e-02
-1.675985008478164673e-02
-2.340179495513439178e-02
-2.677553147077560425e-02
-2.833892405033111572e-02
-2.266895398497581482e-02
-1.848056726157665253e-02
-2.130173332989215851e-02
-2.348410338163375854e-02
-2.628691494464874268e-02
-1.653156429529190063e-02
-2.598541416227817535e-02
-2.479374036192893982e-02
-1.936372555792331696e-02
-2.742780372500419617e-02
-1.952903904020786285e-02
-1.651529222726821899e-02
-1.935640908777713776e-02
-1.914651505649089813e-02
-1.735988631844520569e-02
-2.210528962314128876e-02
-2.096539363265037537e-02
-2.400511130690574646e-02
-1.484590303152799606e-02
-2.315894886851310730e-02
-2.395974844694137573e-02
-1.678645983338356018e-02
-1.836844719946384430e-02
-1.847682520747184753e-02
-2.201450616121292114e-02
-1.967632211744785309e-02
-2.173226140439510345e-02
-2.296060323715209961e-02
-2.166837267577648163e-02
-1.173923630267381668e-02
-1.749010756611824036e-02
-1.945410296320915222e-02
-2.392878197133541107e-02
-1.639558933675289154e-02
-1.588939130306243896e-02
-1.242233440279960632e-02
-1.349853817373514175e-02
-1.077455561608076096e-02
-1.907154172658920288e-02
-1.838039979338645935e-02
-1.471095252782106400e-02
-1.430138293653726578e-02
-2.285841479897499084e-02
-2.015617862343788147e-02
-2.258538454771041870e-02
-2.036221139132976532e-02
-1.798112690448760986e-02
-2.052956074476242065e-02
-1.397712901234626770e-02
-2.360783889889717102e-02
-1.232103444635868073e-02
-2.655124850571155548e-02
-2.141608856618404388e-02
-2.147864177823066711e-02
-1.997373066842556000e-02
-1.229481585323810577e-02
-1.484921388328075409e-02
-1.632071286439895630e-02
-2.179413847625255585e-02
-1.519779302179813385e-02
-1.509240455925464630e-02
-1.287230663001537323e-02
-3.001107275485992432e-02
-1.690823584794998169e-02
-1.778055727481842041e-02
-2.402777783572673798e-02
-2.767480909824371338e-02
-2.256390824913978577e-02
-1.401608530431985855e-02
-1.830365695059299469e-02
-2.026446536183357239e-02
-2.662730403244495392e-02
-1.816647872328758240e-02
-1.580789312720298767e-02
-3.127673640847206116e-02
-2.734332904219627380e-02
-2.100453153252601624e-02
-2.488708123564720154e-02
-2.735221199691295624e-02
-1.393195055425167084e-02
-1.965375989675521851e-02
-3.012658096849918365e-02
-1.599765941500663757e-02
-1.788877323269844055e-02
-2.242538332939147949e-02
-2.119291946291923523e-02
-1.701927743852138519e-02
-1.602638140320777893e-02
-1.968745514750480652e-02
-2.274707145988941193e-02
-1.239084824919700623e-02
-2.829588018357753754e-02
-2.357103489339351654e-02
-1.968611590564250946e-02
-2.663649246096611023e-02
-1.601464301347732544e-02
-1.652378588914871216e-02
-1.635026372969150543e-02
-2.580574527382850647e-02
-2.519200183451175690e-02
-3.281488269567489624e-02
-1.614040695130825043e-02
-1.262084208428859711e-02
-1.781261339783668518e-02
-1.866604760289192200e-02
-2.448621205985546112e-02
-2.242484129965305328e-02
-2.027651853859424591e-02
-2.097659185528755188e-02
-2.637891471385955811e-02
-1.850886270403862000e-02
-2.030835859477519989e-02
-1.911588944494724274e-02
-1.865680329501628876e-02
-1.696826517581939697e-02
-2.625706233084201813e-02
-1.723256707191467285e-02
-2.328670583665370941e-02
-2.379321679472923279e-02
-1.486301887780427933e-02
-2.370082959532737732e-02
-2.430189214646816254e-02
-1.608064584434032440e-02
-2.225214801728725433e-02
-2.017586678266525269e-02
-2.378199063241481781e-02
-1.528081856667995453e-02
-2.249445393681526184e-02
-2.339359372854232788e-02
-1.544419303536415100e-02
-1.546469796448945999e-02
-1.679822057485580444e-02
-2.483554184436798096e-02
-1.903467997908592224e-02
-2.282136678695678711e-02
-1.761540770530700684e-02
-2.267031185328960419e-02
-1.969750970602035522e-02
-3.108530119061470032e-02
-1.926603727042675018e-02
-1.958708278834819794e-02
-2.016023732721805573e-02
-1.617843285202980042e-02
-1.435171440243721008e-02
-1.679637655615806580e-02
-2.697632648050785065e-02
-1.681781187653541565e-02
-2.490362152457237244e-02
-2.147156186401844025e-02
-2.321665734052658081e-02
-2.066529914736747742e-02
-2.115086093544960022e-02
-2.253652364015579224e-02
-1.943025738000869751e-02
-2.748607471585273743e-02
-1.168596651405096054e-02
-2.706221304833889008e-02
-2.516065910458564758e-02
-1.804607547819614410e-02
-1.936650648713111877e-02
-2.615571022033691406e-02
-1.619548909366130829e-02
-1.730205677449703217e-02
-1.457871869206428528e-02
-1.786582730710506439e-02
-1.823530532419681549e-02
-1.411975082010030746e-02
-1.973908022046089172e-02
-2.295552566647529602e-02
-2.338495105504989624e-02
-1.544844731688499451e-02
-1.036719046533107758e-02
-2.498512342572212219e-02
-2.682088315486907959e-02
-2.130101248621940613e-02
-1.085627824068069458e-02
-1.883117109537124634e-02
-1.486277021467685699e-02
-1.814221963286399841e-02
-1.589832827448844910e-02
-1.961799152195453644e-02
-2.845296822488307953e-02
-2.654416672885417938e-02
-1.496690884232521057e-02
-2.199871093034744263e-02
-2.558217570185661316e-02
-2.417174912989139557e-02
-1.705122180283069611e-02
-1.634496822953224182e-02
-3.121437691152095795e-02
-3.206893056631088257e-02
-1.280713174492120743e-02
-2.091333828866481781e-02
-1.287881284952163696e-02
-1.843309402465820312e-02
-1.567651703953742981e-02
-2.100393734872341156e-02
-1.667048782110214233e-02
-1.717926003038883209e-02
-3.056656010448932648e-02
-2.634379267692565918e-02
-2.002491243183612823e-02
-2.239653095602989197e-02
-1.521051488816738129e-02
-2.274258062243461609e-02
-2.030478417873382568e-02
-2.175382152199745178e-02
-1.564486697316169739e-02
-1.574932970106601715e-02
-2.529707364737987518e-02
-2.440941520035266876e-02
-1.166827045381069183e-02
-2.006801590323448181e-02
-2.364607155323028564e-02
-2.268842607736587524e-02
-1.840258017182350159e-02
-2.270075865089893341e-02
-1.369831152260303497e-02
-1.894773729145526886e-02
-1.672401279211044312e-02
-2.102345228195190430e-02
-1.564681157469749451e-02
-1.426806021481752396e-02
-2.127410843968391418e-02
-1.214054785668849945e-02
-1.588201522827148438e-02
-2.016614750027656555e-02
-1.698056980967521667e-02
-1.216054614633321762e-02
-2.160408347845077515e-02
-2.392677217721939087e-02
-2.831556648015975952e-02
-1.151067949831485748e-02
-1.718645915389060974e-02
-2.151346020400524139e-02
-1.549781486392021179e-02
-2.000081911683082581e-02
-2.141966298222541809e-02
-1.911734417080879211e-02
-2.507669106125831604e-02
-2.484706044197082520e-02
-2.806860953569412231e-02
-1.443650200963020325e-02
-1.911204308271408081e-02
-1.765501126646995544e-02
-1.731178537011146545e-02
-1.890096254646778107e-02
-1.968215405941009521e-02
-1.434713229537010193e-02
-2.519415691494941711e-02
-1.778505928814411163e-02
-1.566040143370628357e-02
-9.701414033770561218e-03
-1.692192070186138153e-02
-1.547438465058803558e-02
-1.676530204713344574e-02
-1.402310002595186234e-02
-2.019900456070899963e-02
-2.200979739427566528e-02
-1.061302516609430313e-02
-1.987369917333126068e-02
-1.785957440733909607e-02
-1.766146719455718994e-02
-2.037852257490158081e-02
-2.622405253350734711e-02
-1.327141281217336655e-02
-2.405672520399093628e-02
-2.697033621370792389e-02
-2.223782241344451904e-02
-1.696911081671714783e-02
-2.003332972526550293e-02
-2.043598517775535583e-02
-1.933336816728115082e-02
-2.311684563755989075e-02
-2.072646096348762512e-02
-1.541219744831323624e-02
-2.420251257717609406e-02
-1.576416939496994019e-02
-1.464466005563735962e-02
-1.745357178151607513e-02
-1.710869371891021729e-02
-2.000878192484378815e-02
-2.604600414633750916e-02
-1.772367022931575775e-02
-2.266055718064308167e-02
-2.215452305972576141e-02
-1.698651723563671112e-02
-1.613563671708106995e-02
-1.120932027697563171e-02
-1.832993887364864349e-02
-2.000375092029571533e-02
-1.215608790516853333e-02
-1.418382115662097931e-02
-1.959333010017871857e-02
-1.826826483011245728e-02
-2.995153889060020447e-02
-1.767499372363090515e-02
-1.726423203945159912e-02
-2.197181433439254761e-02
-1.780114136636257172e-02
-1.772677898406982422e-02
-2.328729256987571716e-02
-1.335563417524099350e-02
-1.393525209277868271e-02
-1.578941009938716888e-02
-1.203376520425081253e-02
-2.084152027964591980e-02
-1.714393682777881622e-02
-2.141244336962699890e-02
-1.512704230844974518e-02
-2.495697699487209320e-02
-2.426234260201454163e-02
-2.311822958290576935e-02
-1.652628369629383087e-02
-1.880475878715515137e-02
-1.369190588593482971e-02
-1.874297857284545898e-02
-1.828214339911937714e-02
-2.190040983259677887e-02
-1.244737859815359116e-02
-1.984843984246253967e-02
-1.828425563871860504e-02
-1.837266795337200165e-02
-2.608660049736499786e-02
-2.265201508998870850e-02
-2.547414600849151611e-02
-2.089824900031089783e-02
-1.138260681182146072e-02
-1.928628981113433838e-02
-1.606149226427078247e-02
-2.044531702995300293e-02
-1.696693524718284607e-02
-1.614726334810256958e-02
-2.366319857537746429e-02
-1.761618629097938538e-02
-4.602810367941856384e-03
-2.542994171380996704e-02
-1.814790628850460052e-02
-1.814151741564273834e-02
-1.641596481204032898e-02
-2.055398188531398773e-02
-1.732192747294902802e-02
-2.040238492190837860e-02
-2.653904445469379425e-02
-1.228265743702650070e-02
-2.367850951850414276e-02
-1.520461030304431915e-02
-1.329936180263757706e-02
-1.277233101427555084e-02
-3.471805155277252197e-02
-1.374586205929517746e-02
-1.613782346248626709e-02
-1.978508569300174713e-02
-1.598235964775085449e-02
-1.333700492978096008e-02
-1.215746253728866577e-02
-1.237577386200428009e-02
-2.509522624313831329e-02
-2.363165095448493958e-02
-1.652208715677261353e-02
-1.643905974924564362e-02
-1.574540697038173676e-02
-1.752953976392745972e-02
-1.234441064298152924e-02
-2.173139713704586029e-02
-1.756356284022331238e-02
-1.105992775410413742e-02
-1.620545610785484314e-02
-1.434055343270301819e-02
-1.848413422703742981e-02
-1.486507244408130646e-02
-2.126242592930793762e-02
-2.008785679936408997e-02
-1.064331177622079849e-02
-1.972048170864582062e-02
-2.058339864015579224e-02
-2.259214967489242554e-02
-1.540899090468883514e-02
-1.518825627863407135e-02
-1.223449967801570892e-02
-1.677560620009899139e-02
-2.565553784370422363e-02
-2.120053023099899292e-02
-1.880636438727378845e-02
-1.288853958249092102e-02
-2.722302079200744629e-02
-1.713179796934127808e-02
-1.653833128511905670e-02
-2.581220120191574097e-02
-2.838483452796936035e-02
-2.535868994891643524e-02
-1.091233082115650177e-02
-2.289233356714248657e-02
-8.944962173700332642e-03
-2.210120111703872681e-02
-1.065157167613506317e-02
-1.434574928134679794e-02
-1.645441167056560516e-02
-1.415429729968309402e-02
-1.563597656786441803e-02
-1.607185043394565582e-02
