1.126630138605833054e-02
5.261707119643688202e-03
3.118827566504478455e-02
3.544659167528152466e-02
3.677361831068992615e-02
5.685220286250114441e-02
3.602504730224609375e-02
3.580161929130554199e-02
4.774759709835052490e-02
-1.695162849500775337e-03
3.385538235306739807e-02
1.613195240497589111e-02
4.920846223831176758e-02
6.206139922142028809e-02
6.804939359426498413e-02
2.317270822823047638e-02
-7.472912780940532684e-03
-2.465646481141448021e-03
6.488823331892490387e-03
-1.542100124061107635e-02
-1.147811859846115112e-02
3.318148851394653320e-02
2.867554873228073120e-02
2.321769855916500092e-02
2.942049130797386169e-02
3.052641078829765320e-02
2.935728058218955994e-02
3.189811855554580688e-02
4.172259569168090820e-02
3.440847992897033691e-02
4.613491706550121307e-03
-5.577411036938428879e-03
3.803632687777280807e-03
1.231326023116707802e-03
9.889982640743255615e-03
1.365312002599239349e-02
1.483343075960874557e-02
4.987911880016326904e-02
2.398926764726638794e-02
3.185090422630310059e-02
1.531557086855173111e-02
1.921039447188377380e-02
-2.928631845861673355e-03
5.571959540247917175e-03
5.052853375673294067e-02
-6.341509521007537842e-03
3.448946634307503700e-03
3.877061605453491211e-02
2.033212780952453613e-02
-9.134667925536632538e-05
1.684745401144027710e-02
-4.448235267773270607e-04
3.592583537101745605e-02
9.961848147213459015e-03
7.042536512017250061e-03
2.679588273167610168e-02
3.124042879790067673e-03
3.679243847727775574e-02
-7.718925829976797104e-03
1.350070070475339890e-02
8.747775107622146606e-03
-7.458796259015798569e-03
3.085922077298164368e-02
-4.122854210436344147e-03
3.639042750000953674e-02
-7.914166781120002270e-04
4.744543880224227905e-02
1.645048335194587708e-02
-3.936485387384891510e-03
1.529770810157060623e-02
3.613205254077911377e-02
2.072327770292758942e-03
9.632671251893043518e-03
4.260608926415443420e-02
1.520994212478399277e-02
2.304460387676954269e-03
-3.316409653052687645e-03
3.994626551866531372e-02
2.206070348620414734e-02
2.156333066523075104e-02
1.283012214116752148e-03
9.150408208370208740e-03
3.286346793174743652e-02
2.857314236462116241e-02
3.158253058791160583e-02
7.615453563630580902e-03
5.670906044542789459e-03
-1.738091581501066685e-03
8.622368797659873962e-03
2.394664334133267403e-03
-1.739861443638801575e-03
2.561602741479873657e-02
2.396101877093315125e-02
1.421871222555637360e-02
3.196094650775194168e-03
1.255213562399148941e-02
1.700935885310173035e-02
-4.796617664396762848e-03
-4.117500036954879761e-03
-4.763995297253131866e-03
1.062239985913038254e-02
2.648909762501716614e-02
2.723271027207374573e-02
2.225445583462715149e-02
1.395522523671388626e-02
-4.945742897689342499e-03
-7.579799275845289230e-03
2.750776521861553192e-02
2.204138413071632385e-02
3.535066545009613037e-02
1.120862085372209549e-02
-5.213888827711343765e-03
1.753092370927333832e-02
2.019493654370307922e-02
3.012320958077907562e-02
7.595431525260210037e-03
9.695268236100673676e-03
1.695202849805355072e-02
-2.584706526249647141e-04
6.929424591362476349e-03
2.919018641114234924e-02
1.792112737894058228e-02
7.708112243562936783e-03
2.969531901180744171e-02
1.979821175336837769e-02
2.264632657170295715e-02
-5.593406502157449722e-03
1.338129676878452301e-02
-3.317950293421745300e-03
1.757181808352470398e-02
-3.314099740236997604e-03
1.981512829661369324e-02
1.767274551093578339e-02
-1.417398452758789062e-03
1.134768128395080566e-02
2.540126815438270569e-02
1.144792418926954269e-02
3.102638013660907745e-02
-1.028988696634769440e-02
4.320060461759567261e-02
-1.661853492259979248e-02
2.624130249023437500e-02
-7.464227965101599693e-04
2.803099155426025391e-02
-3.727709408849477768e-03
3.045518696308135986e-02
1.526581589132547379e-02
9.014198440127074718e-04
1.145112235099077225e-02
3.383184969425201416e-02
-6.494671571999788284e-03
9.233393706381320953e-03
2.351491898298263550e-02
3.367171064019203186e-02
-2.707165665924549103e-03
-2.470705658197402954e-03
2.780647948384284973e-03
2.639960870146751404e-02
1.359102874994277954e-02
9.367300663143396378e-04
2.318779937922954559e-03
-8.321504108607769012e-03
5.388080142438411713e-03
3.936232253909111023e-02
1.013468950986862183e-02
-1.893989276140928268e-03
7.272331975400447845e-03
1.984611153602600098e-02
7.688358426094055176e-03
1.350045204162597656e-02
4.017972201108932495e-02
2.265497669577598572e-02
2.101443707942962646e-02
8.690987713634967804e-03
2.156215254217386246e-03
1.094937697052955627e-02
2.080804668366909027e-02
2.785273641347885132e-02
2.121743187308311462e-02
2.190137840807437897e-02
3.538746386766433716e-02
2.476293221116065979e-02
2.224387414753437042e-02
2.861046977341175079e-02
3.142061457037925720e-02
1.116581633687019348e-02
2.143927291035652161e-02
1.626768335700035095e-02
2.991226688027381897e-02
1.171287521719932556e-02
-7.096440531313419342e-03
-5.767146591097116470e-03
-2.687602071091532707e-03
3.705702256411314011e-03
-3.210210241377353668e-03
1.402422413229942322e-02
2.169918641448020935e-02
2.844156511127948761e-02
2.302166633307933807e-02
2.282875031232833862e-02
1.315487362444400787e-02
1.083610206842422485e-02
4.971510730683803558e-03
-2.700112294405698776e-03
4.234826657921075821e-03
4.084566980600357056e-02
3.734304383397102356e-02
2.373019233345985413e-02
2.357189357280731201e-02
1.038209162652492523e-02
-2.010054420679807663e-03
-1.486614532768726349e-02
1.439729891717433929e-02
3.063286095857620239e-02
7.601077202707529068e-03
1.246826350688934326e-02
-2.086292952299118042e-03
7.358512841165065765e-03
1.860106363892555237e-02
2.025754004716873169e-02
9.964707307517528534e-03
6.996611133217811584e-03
2.315537258982658386e-02
4.494319483637809753e-02
1.170249842107295990e-02
4.601724445819854736e-03
5.782857770100235939e-04
3.018743358552455902e-02
1.409988198429346085e-02
7.600794080644845963e-03
1.654767058789730072e-02
1.162083074450492859e-02
-3.465812187641859055e-05
2.641802281141281128e-02
2.247867733240127563e-02
8.833207190036773682e-03
-2.185132121667265892e-03
2.544945664703845978e-02
1.046821661293506622e-02
3.282784018665552139e-03
2.746431156992912292e-02
1.491910219192504883e-02
1.995592750608921051e-02
3.257869929075241089e-02
-2.928903093561530113e-03
2.415899187326431274e-02
2.921727299690246582e-02
-3.016191767528653145e-04
2.399621531367301941e-02
4.783325362950563431e-03
2.471006847918033600e-02
2.965485490858554840e-02
1.005961839109659195e-02
3.633735328912734985e-02
-1.857518800534307957e-03
3.526850044727325439e-02
1.523904874920845032e-02
7.457388099282979965e-03
1.932207308709621429e-02
1.619762741029262543e-02
1.473887730389833450e-02
1.861208304762840271e-02
1.343869231641292572e-02
2.797491475939750671e-02
1.101667713373899460e-02
3.101478703320026398e-02
2.076355740427970886e-02
2.904941141605377197e-02
9.780933149158954620e-03
2.647760510444641113e-02
2.866211906075477600e-02
1.530052628368139267e-02
2.466394938528537750e-02
9.299809113144874573e-03
2.082018554210662842e-02
3.667815774679183960e-02
1.524237450212240219e-02
2.571081183850765228e-02
2.875174209475517273e-02
2.241186611354351044e-02
3.259939700365066528e-02
2.960206195712089539e-02
2.156936749815940857e-02
3.549639880657196045e-02
2.395116910338401794e-02
2.866933122277259827e-02
2.048046886920928955e-02
2.289687842130661011e-02
3.789117187261581421e-02
3.269544988870620728e-02
3.339986503124237061e-02
3.862410038709640503e-02
2.916282787919044495e-02
2.684900164604187012e-02
3.413310647010803223e-02
3.127058967947959900e-02
3.351659700274467468e-02
2.889967337250709534e-02
2.110760472714900970e-02
3.745536506175994873e-02
2.521831914782524109e-02
4.368394613265991211e-02
3.261563926935195923e-02
2.998750284314155579e-02
4.738883301615715027e-02
3.392475843429565430e-02
3.055799752473831177e-02
3.675559535622596741e-02
2.801279164850711823e-02
3.406313806772232056e-02
3.874083608388900757e-02
2.459435909986495972e-02
3.496068716049194336e-02
3.080720640718936920e-02
2.529172226786613464e-02
3.045046329498291016e-02
2.947591990232467651e-02
2.410763874650001526e-02
3.308102115988731384e-02
3.038821183145046234e-02
2.898246422410011292e-02
4.181211441755294800e-02
3.448814153671264648e-02
2.595009282231330872e-02
3.417415544390678406e-02
4.093906283378601074e-02
4.054550081491470337e-02
2.122466824948787689e-02
3.652293980121612549e-02
3.702022880315780640e-02
1.880626752972602844e-02
2.655240893363952637e-02
2.943344973027706146e-02
3.355852514505386353e-02
2.707650884985923767e-02
3.284908831119537354e-02
3.613223135471343994e-02
3.235776722431182861e-02
4.114302247762680054e-02
3.696250915527343750e-02
2.875288203358650208e-02
3.916533291339874268e-02
4.386041313409805298e-02
2.037667855620384216e-02
3.135617077350616455e-02
2.793628163635730743e-02
2.812917158007621765e-02
4.694391041994094849e-02
3.160817176103591919e-02
2.935308218002319336e-02
2.736094966530799866e-02
4.130348563194274902e-02
2.858702838420867920e-02
4.161736741662025452e-02
3.554659709334373474e-02
2.193615958094596863e-02
3.174889460206031799e-02
4.174339398741722107e-02
3.996890038251876831e-02
2.291032299399375916e-02
2.348918467760086060e-02
4.595417901873588562e-02
4.075977951288223267e-02
3.584858775138854980e-02
2.730752900242805481e-02
2.457150444388389587e-02
4.530277848243713379e-02
3.890519589185714722e-02
2.726147323846817017e-02
2.682767435908317566e-02
4.152911901473999023e-02
3.488080948591232300e-02
3.844759613275527954e-02
3.945556282997131348e-02
3.397213667631149292e-02
2.844376303255558014e-02
4.421979933977127075e-02
3.450774028897285461e-02
3.955973684787750244e-02
2.891944535076618195e-02
3.329160809516906738e-02
2.466151677072048187e-02
3.810529410839080811e-02
3.717404603958129883e-02
2.809273824095726013e-02
4.147774353623390198e-02
4.158886522054672241e-02
3.809610754251480103e-02
2.404113113880157471e-02
3.078110143542289734e-02
2.745685726404190063e-02
3.043927066028118134e-02
3.370915353298187256e-02
4.791731387376785278e-02
3.677073121070861816e-02
2.880799770355224609e-02
3.356215730309486389e-02
2.144614793360233307e-02
4.373366013169288635e-02
2.852649986743927002e-02
3.556587919592857361e-02
3.570391237735748291e-02
3.639400005340576172e-02
2.221301198005676270e-02
3.412185609340667725e-02
3.048150613903999329e-02
2.201209962368011475e-02
3.099638968706130981e-02
3.511280938982963562e-02
3.138350695371627808e-02
2.269841544330120087e-02
4.093480110168457031e-02
3.170328959822654724e-02
3.707035258412361145e-02
3.819155693054199219e-02
4.672324284911155701e-02
4.352356866002082825e-02
3.267277032136917114e-02
2.975053526461124420e-02
2.867936529219150543e-02
3.255139291286468506e-02
3.920559585094451904e-02
3.560381010174751282e-02
2.634334936738014221e-02
4.222090542316436768e-02
3.384655714035034180e-02
4.040088504552841187e-02
2.574509568512439728e-02
3.616164624691009521e-02
2.983275055885314941e-02
2.630247920751571655e-02
3.994561731815338135e-02
4.732399433851242065e-02
3.422920033335685730e-02
2.572695910930633545e-02
3.106735646724700928e-02
2.610379271209239960e-02
3.049923665821552277e-02
4.801470413804054260e-02
3.495671600103378296e-02
3.123443201184272766e-02
2.566924318671226501e-02
2.344939112663269043e-02
2.089208364486694336e-02
2.787942066788673401e-02
2.595998346805572510e-02
4.270203039050102234e-02
3.459655866026878357e-02
2.224545925855636597e-02
9.864309802651405334e-03
1.503869332373142242e-02
-2.254608552902936935e-04
1.703330501914024353e-02
9.557930752635002136e-03
1.396901719272136688e-02
8.219353854656219482e-03
3.569613443687558174e-03
1.542937941849231720e-02
1.228933501988649368e-02
9.417681023478507996e-03
1.643031649291515350e-02
3.587363520637154579e-03
6.979872472584247589e-03
3.339537186548113823e-03
-4.766242112964391708e-03
5.989238154143095016e-03
1.600341056473553181e-03
9.597517549991607666e-03
3.590498119592666626e-03
5.399422254413366318e-03
2.512738108634948730e-02
4.955344367772340775e-03
-8.859687950462102890e-04
1.782051473855972290e-02
-1.948225661180913448e-03
-8.311802521347999573e-04
-4.331459756940603256e-03
-2.428366336971521378e-03
5.098685156553983688e-03
8.799729868769645691e-03
9.549859911203384399e-03
5.677248351275920868e-03
1.410226617008447647e-02
-6.904879119247198105e-04
1.302169263362884521e-02
8.957276120781898499e-03
4.095481708645820618e-03
-4.754765424877405167e-03
1.105986442416906357e-02
2.083019539713859558e-02
4.464015364646911621e-05
1.120726764202117920e-02
3.731890814378857613e-03
4.287899937480688095e-03
-2.716453513130545616e-03
4.734152462333440781e-04
1.142820343375205994e-02
1.783384755253791809e-02
1.143181882798671722e-02
6.232859566807746887e-03
1.469614543020725250e-02
5.049567669630050659e-03
8.071705698966979980e-03
5.039321258664131165e-03
3.015561494976282120e-03
1.233321498148143291e-03
4.298270214349031448e-03
5.907172337174415588e-03
8.427739143371582031e-03
3.832954913377761841e-03
2.145935408771038055e-02
-2.893815748393535614e-03
4.142615944147109985e-03
1.392847299575805664e-02
5.015283357352018356e-03
2.787587232887744904e-03
1.020232401788234711e-02
-2.275860402733087540e-03
1.189321279525756836e-02
1.844249432906508446e-03
2.272771485149860382e-02
6.926436908543109894e-03
3.479867707937955856e-03
-2.251131692901253700e-03
8.600777015089988708e-03
8.823141455650329590e-03
-2.557741012424230576e-03
2.328741177916526794e-02
2.913948614150285721e-03
4.186287522315979004e-03
1.387737505137920380e-02
8.287217468023300171e-03
4.826557822525501251e-03
1.349648693576455116e-03
2.097526565194129944e-03
5.457020364701747894e-03
2.793870400637388229e-03
2.552315406501293182e-02
-2.937308978289365768e-03
1.017627771943807602e-02
1.994522102177143097e-02
1.063852454535663128e-03
1.701943110674619675e-04
-1.939646201208233833e-03
9.577089920639991760e-03
6.393362302333116531e-03
2.602468477562069893e-03
4.528882913291454315e-03
1.554673537611961365e-03
-5.211004521697759628e-03
1.092205010354518890e-02
1.839535497128963470e-02
2.714909845963120461e-03
2.458292990922927856e-03
2.123613376170396805e-05
1.779875718057155609e-03
-3.256262280046939850e-04
1.225573755800724030e-02
6.312095560133457184e-03
3.005843237042427063e-02
-3.563387552276253700e-03
-1.154848258011043072e-03
-1.215579919517040253e-03
1.296734437346458435e-02
1.145709306001663208e-02
9.345353581011295319e-03
7.958764210343360901e-03
1.443082932382822037e-02
1.676618307828903198e-02
8.906801231205463409e-03
1.552451122552156448e-02
6.293451879173517227e-03
-2.041463274508714676e-03
1.125598140060901642e-02
1.577537320554256439e-02
8.108153939247131348e-03
4.508560523390769958e-03
-1.091636251658201218e-03
8.007030934095382690e-03
-5.468429299071431160e-05
5.502091255038976669e-03
2.376483008265495300e-02
8.572942577302455902e-03
1.074146595783531666e-03
-1.888725440949201584e-03
1.283106952905654907e-02
8.472637273371219635e-03
6.445560138672590256e-03
3.587861545383930206e-03
1.074394863098859787e-02
1.339677721261978149e-02
5.140716210007667542e-03
3.872587578371167183e-03
4.674448166042566299e-03
4.104766529053449631e-03
1.317148003727197647e-02
1.211342681199312210e-02
1.050319708883762360e-02
5.355406552553176880e-03
6.499792449176311493e-03
-1.461544074118137360e-02
1.513749361038208008e-02
4.892270080745220184e-03
1.135536842048168182e-02
-4.879056476056575775e-03
6.550699472427368164e-03
1.478000730276107788e-02
1.284958049654960632e-02
3.898259717971086502e-03
3.503112588077783585e-03
-2.597380429506301880e-03
5.593865644186735153e-04
1.027151942253112793e-02
-4.745262209326028824e-03
5.784265697002410889e-03
2.043448016047477722e-02
4.201316274702548981e-03
1.046525593847036362e-02
1.291176397353410721e-02
9.021949023008346558e-03
4.793822765350341797e-03
-1.300303265452384949e-04
1.814309321343898773e-02
7.870344445109367371e-03
7.267150096595287323e-03
1.249169744551181793e-02
2.906229579821228981e-03
4.738459829241037369e-03
7.065842393785715103e-03
2.345564961433410645e-02
9.237612597644329071e-03
2.455617301166057587e-03
-1.787116052582859993e-04
3.069486701861023903e-03
4.363458137959241867e-03
1.511600799858570099e-02
4.728396423161029816e-03
1.019924692809581757e-02
2.335570566356182098e-02
1.103059039451181889e-03
5.251857917755842209e-03
5.901815369725227356e-03
6.918099243193864822e-04
2.198187401518225670e-03
7.667483296245336533e-03
8.515365421772003174e-03
7.204782683402299881e-03
3.138646250590682030e-03
2.641225000843405724e-03
-5.852608010172843933e-04
4.262362141162157059e-03
1.068515516817569733e-02
6.973947398364543915e-03
1.174450293183326721e-02
-2.492955885827541351e-03
7.331573870033025742e-04
1.731623662635684013e-03
-6.529183126986026764e-03
-5.174906691536307335e-04
-8.530524792149662971e-04
1.012718770653009415e-03
4.500490613281726837e-04
1.024338975548744202e-02
8.091744035482406616e-03
8.988128975033760071e-03
2.353616990149021149e-03
-3.450172720476984978e-03
1.176137709990143776e-03
2.850653138011693954e-03
5.470907315611839294e-03
8.743008598685264587e-03
2.350080758333206177e-04
-2.344113774597644806e-03
8.891765959560871124e-03
2.633938333019614220e-03
1.084920857101678848e-02
2.188138198107481003e-03
1.223212480545043945e-02
-4.804360214620828629e-04
3.468564013019204140e-03
8.799293078482151031e-03
-5.775994621217250824e-03
1.364397816359996796e-03
1.152649894356727600e-02
1.012991741299629211e-02
2.853447571396827698e-03
3.747676499187946320e-03
1.132087036967277527e-02
1.429100986570119858e-03
-7.643120363354682922e-03
1.499597355723381042e-02
1.322015374898910522e-02
1.538792997598648071e-02
7.902678102254867554e-03
2.185355406254529953e-03
5.897812545299530029e-03
1.214857771992683411e-02
1.771003473550081253e-03
1.263586059212684631e-02
-8.178834803402423859e-03
-2.224491443485021591e-03
-3.306537866592407227e-03
9.677801281213760376e-03
-1.811769907362759113e-03
8.965331129729747772e-03
3.263421356678009033e-03
4.617191385477781296e-03
6.241612602025270462e-03
1.072255056351423264e-02
9.722013026475906372e-03
1.830566301941871643e-02
1.500782836228609085e-02
1.570706814527511597e-02
1.074596308171749115e-03
4.538813605904579163e-03
1.014047302305698395e-03
9.180199122056365013e-04
-2.549246652051806450e-03
-4.851779900491237640e-03
1.327399746514856815e-03
7.424504728987812996e-04
-3.173018340021371841e-04
4.633376374840736389e-03
5.932576023042201996e-03
3.657119348645210266e-03
3.225228050723671913e-03
1.113582402467727661e-05
-4.901041276752948761e-03
-1.533348811790347099e-03
-4.255642183125019073e-03
1.275752671062946320e-02
8.227218873798847198e-03
1.200320105999708176e-02
1.290209684520959854e-02
4.538797773420810699e-03
7.585478946566581726e-03
6.944132968783378601e-03
9.763346984982490540e-03
1.175885461270809174e-02
-2.839352935552597046e-03
1.038701459765434265e-02
3.384235315024852753e-04
7.363714743405580521e-03
1.717418665066361427e-03
3.476294688880443573e-03
4.649197682738304138e-03
5.205034278333187103e-03
8.684607222676277161e-03
5.329106934368610382e-03
2.526256814599037170e-02
5.380913149565458298e-03
1.227431558072566986e-02
-5.595711991190910339e-05
2.297037094831466675e-02
1.947065233252942562e-03
3.370977006852626801e-03
5.238838959485292435e-03
3.139282809570431709e-03
1.734999241307377815e-04
2.324284287169575691e-04
2.680897247046232224e-03
9.237385354936122894e-03
8.991787210106849670e-03
7.945930585265159607e-03
9.517765603959560394e-03
-1.565062208101153374e-03
1.111042965203523636e-02
2.886070404201745987e-03
2.101755701005458832e-03
1.257565245032310486e-02
1.314525771886110306e-02
6.402928382158279419e-03
9.707164950668811798e-03
1.161486492492258549e-03
2.266407478600740433e-03
1.873414032161235809e-03
2.788160229101777077e-03
-3.455727361142635345e-03
2.518294146284461021e-03
5.621646996587514877e-04
3.266573185101151466e-03
1.390957646071910858e-02
6.121402140706777573e-03
1.136747002601623535e-02
5.369734950363636017e-03
8.897675201296806335e-03
1.202519796788692474e-02
6.456058472394943237e-04
6.613985169678926468e-03
6.551295984536409378e-03
9.178915992379188538e-03
6.539750844240188599e-03
-4.202578216791152954e-03
4.173537716269493103e-03
1.740625710226595402e-03
1.329785329289734364e-03
-1.121451379731297493e-03
7.816217839717864990e-03
4.686966538429260254e-03
7.350538857281208038e-03
6.518295034766197205e-03
2.424682024866342545e-03
1.535597536712884903e-02
4.628280177712440491e-03
4.929639399051666260e-03
-1.681819907389581203e-03
2.100627869367599487e-02
-1.590443309396505356e-03
1.997654093429446220e-03
3.647830337285995483e-03
-4.115714691579341888e-03
4.810617305338382721e-03
2.306632697582244873e-03
8.345793001353740692e-03
1.896254252642393112e-03
7.629469037055969238e-03
3.107831813395023346e-03
1.653328165411949158e-02
-6.270312704145908356e-03
6.631145952269434929e-04
-3.628642298281192780e-05
6.675670854747295380e-03
4.460071213543415070e-04
1.115368213504552841e-04
-3.834463655948638916e-03
5.089186131954193115e-03
1.682691974565386772e-03
2.500663045793771744e-03
1.048972364515066147e-02
3.033226355910301208e-03
2.323039108887314796e-03
-6.726220250129699707e-03
4.855387844145298004e-03
3.353288397192955017e-03
2.010208554565906525e-04
1.437828969210386276e-02
6.736595183610916138e-03
9.684219956398010254e-03
1.032529305666685104e-02
-1.009608851745724678e-03
1.424424350261688232e-03
-2.716932678595185280e-03
-7.670697756111621857e-03
3.089026547968387604e-03
4.693539813160896301e-03
3.935469314455986023e-03
7.024446967989206314e-04
3.868147265166044235e-03
9.217808023095130920e-03
5.996063118800520897e-04
-6.682947278022766113e-04
-4.691960290074348450e-03
3.471714444458484650e-03
5.838308483362197876e-03
8.287392556667327881e-04
-1.697944011539220810e-03
-2.151791704818606377e-03
8.225404657423496246e-03
-7.549670990556478500e-04
4.967469722032546997e-03
-9.637393523007631302e-04
6.015165708959102631e-03
2.506369724869728088e-03
2.825788222253322601e-03
5.469227209687232971e-03
6.423763465136289597e-03
2.363513922318816185e-03
4.165869206190109253e-03
-5.834226030856370926e-04
1.222105231136083603e-03
3.654052270576357841e-03
5.983367562294006348e-03
3.160696942359209061e-03
7.209062110632658005e-03
-3.276363480836153030e-03
-8.723494829609990120e-04
1.976586133241653442e-02
8.417437784373760223e-03
1.200885977596044540e-03
5.132025107741355896e-03
5.414923653006553650e-03
1.305979560129344463e-03
8.230726234614849091e-04
1.944032148458063602e-03
8.698776364326477051e-03
-3.585113445296883583e-03
9.542263578623533249e-04
-1.452926546335220337e-03
-5.153854377567768097e-03
3.304333193227648735e-03
-1.323378528468310833e-03
3.123395144939422607e-03
4.800471477210521698e-03
1.898739021271467209e-03
1.185263507068157196e-03
5.356425419449806213e-03
-3.342184703797101974e-03
-1.955454237759113312e-03
1.213358063250780106e-02
8.103144355118274689e-03
1.559779420495033264e-02
-1.780363265424966812e-03
5.096072796732187271e-03
-4.731074441224336624e-04
1.231200527399778366e-03
-3.500854130834341049e-03
9.314943104982376099e-03
-4.743636120110750198e-03
2.756740432232618332e-03
1.819733530282974243e-03
-8.402399253100156784e-04
1.691181561909615993e-03
3.015233902260661125e-03
4.052110016345977783e-03
1.095479261130094528e-02
5.329409148544073105e-03
8.777255192399024963e-03
1.439421437680721283e-03
6.277721840888261795e-03
2.030700445175170898e-03
2.243067137897014618e-03
9.575188159942626953e-03
4.272233694791793823e-03
2.747790887951850891e-03
6.914790719747543335e-03
7.482326589524745941e-03
-4.623395390808582306e-03
1.418243860825896263e-03
-8.022183552384376526e-03
4.465621430426836014e-03
-2.931825816631317139e-03
3.525274572893977165e-03
4.867899697273969650e-04
-3.333629574626684189e-03
-8.938472718000411987e-03
5.232909694314002991e-03
2.563448622822761536e-03
9.845957159996032715e-03
3.650434315204620361e-03
-2.723901532590389252e-03
-3.885197220370173454e-04
7.843432016670703888e-03
7.898764684796333313e-03
-4.735499387606978416e-04
4.874005913734436035e-03
1.034694164991378784e-02
6.544121541082859039e-03
4.215704742819070816e-03
1.125114690512418747e-02
-1.324657350778579712e-04
-2.479218877851963043e-03
4.514961503446102142e-03
1.319837290793657303e-03
1.809833338484168053e-03
-2.347563859075307846e-04
-4.199223592877388000e-03
8.163593709468841553e-03
5.488890223205089569e-03
5.843138322234153748e-03
8.496870286762714386e-03
8.344809757545590401e-04
1.044205669313669205e-02
-2.691003726795315742e-03
1.399278081953525543e-02
9.119981899857521057e-03
-7.939464412629604340e-04
5.710758268833160400e-03
1.379614695906639099e-03
-1.230684574693441391e-05
2.700855955481529236e-03
-4.054139368236064911e-03
3.160726977512240410e-03
-4.913315642625093460e-03
1.107108779251575470e-03
5.297897383570671082e-03
-2.640210092067718506e-03
4.817498847842216492e-05
-1.235112315043807030e-03
-6.096511613577604294e-03
1.077025663107633591e-03
3.610721323639154434e-03
-1.654189778491854668e-03
5.102149210870265961e-03
-2.674369607120752335e-03
3.196703502908349037e-03
-1.053965417668223381e-03
3.762804437428712845e-03
4.706319421529769897e-03
2.515977481380105019e-03
4.948031622916460037e-03
-3.372118808329105377e-04
1.724837231449782848e-03
6.977671757340431213e-03
6.143571808934211731e-03
1.015941705554723740e-02
-1.861694385297596455e-03
1.887694234028458595e-03
4.473160952329635620e-03
-1.225201878696680069e-03
-7.452612742781639099e-03
