1.088891923427581787e-02
-1.675039157271385193e-02
1.217363402247428894e-02
2.576537430286407471e-02
9.305461309850215912e-03
3.097529895603656769e-02
5.607282370328903198e-02
-3.702556714415550232e-03
2.846887148916721344e-02
3.916995227336883545e-02
2.020858228206634521e-02
2.320142090320587158e-02
2.055855840444564819e-02
6.920090876519680023e-03
8.076740428805351257e-03
1.286894828081130981e-02
1.068908907473087311e-02
9.235052019357681274e-02
-5.204435437917709351e-02
-3.087714873254299164e-02
6.307020783424377441e-02
9.965202771127223969e-04
6.033086683601140976e-03
4.745427891612052917e-02
-6.556119769811630249e-03
4.413563758134841919e-02
8.387106470763683319e-03
1.907756552100181580e-02
1.021429058164358139e-02
-1.093219406902790070e-02
8.398703299462795258e-03
1.915718242526054382e-02
2.375837042927742004e-02
7.257844787091016769e-03
3.657138347625732422e-02
3.423584252595901489e-02
-4.405262321233749390e-02
2.200972475111484528e-02
-1.935441419482231140e-02
3.550231084227561951e-02
4.316382110118865967e-03
4.036379512399435043e-03
-2.048985660076141357e-02
2.388656511902809143e-02
2.282533422112464905e-02
-1.978997513651847839e-02
2.670800872147083282e-02
2.550126612186431885e-02
-1.118479762226343155e-02
1.814711280167102814e-02
-3.192541748285293579e-02
-1.298612216487526894e-03
5.262359231710433960e-02
-1.237005274742841721e-02
2.661541849374771118e-02
-1.049108989536762238e-02
3.056422574445605278e-03
7.895238231867551804e-04
6.144773215055465698e-05
6.013391911983489990e-02
-4.861466120928525925e-03
-1.533829607069492340e-03
1.821975037455558777e-02
-2.459567226469516754e-02
-1.623493991792201996e-02
2.760522067546844482e-02
-1.682610623538494110e-02
1.231028605252504349e-02
-1.104011945426464081e-02
5.618804600089788437e-03
-1.789510808885097504e-02
-5.385133437812328339e-03
-1.630171947181224823e-02
1.381011679768562317e-03
1.621325686573982239e-02
3.388952463865280151e-02
-1.488738507032394409e-02
-9.435039013624191284e-03
1.818996295332908630e-02
-3.805580735206604004e-02
-1.053288765251636505e-02
3.521874547004699707e-02
1.610556244850158691e-02
-1.615118794143199921e-02
3.938703984022140503e-02
2.452792227268218994e-02
-2.664069272577762604e-02
3.515894338488578796e-02
-2.182778343558311462e-02
1.281228475272655487e-02
-1.408951822668313980e-02
1.870588026940822601e-02
6.763108074665069580e-03
1.888250187039375305e-02
6.739375181496143341e-03
1.932228170335292816e-02
1.735177636146545410e-02
1.962905935943126678e-02
-2.409889362752437592e-03
6.040831096470355988e-03
3.837072476744651794e-02
2.591737732291221619e-02
-2.154238149523735046e-02
2.176696434617042542e-02
1.093875616788864136e-02
-8.960737846791744232e-03
8.394241333007812500e-03
3.227738291025161743e-02
-4.371618479490280151e-02
8.671224117279052734e-03
1.389470510184764862e-02
-1.163394469767808914e-02
1.552796643227338791e-02
8.930190466344356537e-03
-2.242635376751422882e-02
1.308689825236797333e-03
8.702084422111511230e-03
-1.859591528773307800e-02
1.890125125646591187e-02
-2.429922111332416534e-02
9.113727137446403503e-03
1.552766654640436172e-02
2.291871234774589539e-03
1.006340421736240387e-02
2.543730102479457855e-02
-1.938798278570175171e-02
8.131662383675575256e-03
1.191551331430673599e-02
-9.565330110490322113e-03
6.207252852618694305e-03
-6.929151713848114014e-04
-2.140012010931968689e-02
2.226741984486579895e-02
2.353427186608314514e-02
-3.727962076663970947e-02
5.737346597015857697e-03
4.633751511573791504e-02
-2.551639825105667114e-02
-5.395383574068546295e-03
-2.946713007986545563e-03
-1.674628630280494690e-02
2.004108857363462448e-03
1.716247946023941040e-02
-9.324868209660053253e-03
-1.167518272995948792e-02
-5.542584694921970367e-04
-3.161520883440971375e-02
4.365860950201749802e-04
5.880732089281082153e-03
-9.250586852431297302e-03
-5.245793145149946213e-03
-1.239706296473741531e-03
2.015029825270175934e-02
-8.018960244953632355e-03
1.174986921250820160e-02
-2.861551009118556976e-02
1.915364526212215424e-02
3.221640130504965782e-03
1.549755223095417023e-02
-2.055728109553456306e-03
1.612734049558639526e-04
1.933120656758546829e-04
2.227669581770896912e-02
1.459047198295593262e-02
1.508691906929016113e-02
1.924796029925346375e-02
-2.522798953577876091e-03
4.247065633535385132e-03
2.187492558732628822e-03
-1.998009905219078064e-02
3.507104516029357910e-02
-2.514298073947429657e-02
-1.169380918145179749e-02
9.361321106553077698e-03
1.434487989172339439e-03
-4.703586921095848083e-02
4.854165017604827881e-02
2.284609712660312653e-02
-2.580360323190689087e-02
2.704357169568538666e-02
1.042740885168313980e-02
1.582463271915912628e-02
-2.289613336324691772e-02
1.006360631436109543e-02
1.911703124642372131e-02
-8.025215938687324524e-03
5.943507421761751175e-04
2.281214669346809387e-02
6.610110402107238770e-03
-1.441389322280883789e-02
5.415683239698410034e-02
1.087033376097679138e-02
-1.266200561076402664e-02
4.106402397155761719e-02
4.421733319759368896e-05
-8.924649097025394440e-03
-9.786218870431184769e-04
4.807963036000728607e-03
-9.999089874327182770e-03
-1.212203176692128181e-03
1.390051934868097305e-02
-5.859743803739547729e-03
-2.945564687252044678e-03
-3.655724227428436279e-03
2.064642962068319321e-03
1.910880580544471741e-02
-1.512756384909152985e-02
-2.221329696476459503e-02
-2.225337084382772446e-04
2.495361026376485825e-03
-2.775260061025619507e-02
-1.168042048811912537e-02
2.046696655452251434e-02
-1.936738379299640656e-02
-2.130535989999771118e-02
1.250191777944564819e-02
-2.544265054166316986e-02
-1.279623154550790787e-02
3.209952637553215027e-02
-3.553890436887741089e-02
7.797358557581901550e-03
1.842236518859863281e-02
-3.431090712547302246e-02
3.667025268077850342e-02
1.079108286648988724e-02
-6.829050183296203613e-02
2.608350664377212524e-02
-1.041913405060768127e-03
-1.120310463011264801e-02
-2.049206010997295380e-02
7.627892307937145233e-03
-4.047225788235664368e-02
3.239173069596290588e-02
1.646134071052074432e-03
-2.494398877024650574e-02
2.280004322528839111e-02
5.752204917371273041e-03
-2.346189133822917938e-02
1.241557486355304718e-02
6.847859360277652740e-03
-3.176373615860939026e-02
5.031057633459568024e-03
8.191571570932865143e-03
-7.352881133556365967e-03
-1.354629173874855042e-02
2.231587097048759460e-02
-7.420727051794528961e-04
-2.645400166511535645e-02
-1.911789178848266602e-02
1.808775216341018677e-02
9.169522672891616821e-05
-6.204646080732345581e-02
1.313997432589530945e-02
7.888143882155418396e-03
1.580827124416828156e-02
-3.107836097478866577e-02
1.633875444531440735e-02
1.638821139931678772e-02
-4.818901419639587402e-02
1.975490339100360870e-02
-3.225607052445411682e-02
-3.655832260847091675e-02
3.102538175880908966e-02
-4.942915961146354675e-02
-4.900763183832168579e-02
4.241455346345901489e-03
-1.208417490124702454e-02
-3.078807890415191650e-02
-2.844183472916483879e-03
-1.287360303103923798e-02
-3.171225637197494507e-02
-7.812149822711944580e-03
-1.693681254982948303e-02
-4.293920099735260010e-02
9.162551723420619965e-03
-1.398307457566261292e-02
-1.297740172594785690e-02
-2.630198933184146881e-02
-1.868290454149246216e-02
6.734619382768869400e-03
-2.496829815208911896e-02
-1.512332446873188019e-02
-2.303248085081577301e-02
-1.475075446069240570e-02
-1.744429767131805420e-02
-2.395612932741641998e-02
-2.066290751099586487e-02
-1.467790454626083374e-02
1.355002354830503464e-02
-2.552021294832229614e-03
-1.912337541580200195e-02
4.685312509536743164e-03
-3.586274757981300354e-02
-2.120102941989898682e-02
-2.867615595459938049e-02
-2.910581603646278381e-02
7.090158760547637939e-05
-2.654681727290153503e-02
-2.519677206873893738e-02
-2.559231594204902649e-02
-2.767614647746086121e-02
-2.477655746042728424e-02
-2.490951120853424072e-02
-4.386342316865921021e-02
-6.968327332288026810e-03
-3.622841089963912964e-02
-2.717164531350135803e-02
-3.705092519521713257e-02
-4.376725107431411743e-02
-1.487313583493232727e-02
-2.638445422053337097e-02
-2.874115854501724243e-02
-2.634828537702560425e-02
-5.908198654651641846e-03
-4.188249632716178894e-02
-4.088472202420234680e-02
-3.251136466860771179e-02
-1.915605552494525909e-02
-2.125344052910804749e-02
-1.290394179522991180e-02
-3.158287703990936279e-02
-4.033847153186798096e-02
-2.858357876539230347e-02
-2.505932934582233429e-02
-3.267562389373779297e-02
-3.021221980452537537e-02
-2.562437392771244049e-02
-5.218923557549715042e-03
-2.965479344129562378e-02
-3.792683780193328857e-02
-1.849421858787536621e-02
-2.817518264055252075e-02
-2.105190977454185486e-02
-3.057796135544776917e-02
-1.926708221435546875e-02
-2.038942649960517883e-02
-3.874042630195617676e-02
-2.956763282418251038e-02
-3.209590166807174683e-02
-2.189683541655540466e-02
-4.669746849685907364e-03
-1.314964517951011658e-02
-1.855615153908729553e-02
-2.273253351449966431e-02
-2.253991737961769104e-02
-2.799401804804801941e-02
-1.994642987847328186e-02
-3.734692186117172241e-02
-1.518442854285240173e-02
-1.865899935364723206e-02
-1.867881789803504944e-02
-1.657926850020885468e-02
-1.747415214776992798e-02
-1.977261155843734741e-02
-3.098309412598609924e-02
-4.792385548353195190e-02
-2.340641245245933533e-02
-1.977225020527839661e-02
-3.343561291694641113e-02
-3.595756739377975464e-02
-2.954566478729248047e-02
-2.222729846835136414e-02
-3.189328312873840332e-02
-3.578348457813262939e-02
-2.733856998383998871e-02
-3.398912400007247925e-02
-2.058606222271919250e-02
-2.424847334623336792e-02
-1.720290258526802063e-02
-2.587862312793731689e-02
-2.235891297459602356e-02
-2.266060933470726013e-02
-1.782308891415596008e-02
-2.246281877160072327e-02
-3.547818213701248169e-02
-2.227271720767021179e-02
-2.310455217957496643e-02
-2.004925161600112915e-02
-2.089737355709075928e-02
-2.441536635160446167e-02
-3.861273825168609619e-02
-2.677859365940093994e-02
-3.198567032814025879e-02
-2.419431507587432861e-02
-3.186036646366119385e-02
-4.112792015075683594e-02
-1.766652613878250122e-02
-3.408519923686981201e-02
-2.188927680253982544e-02
-2.805505320429801941e-02
-4.391528666019439697e-02
-2.820300683379173279e-02
-3.119869902729988098e-02
-2.883305028080940247e-02
-2.374257147312164307e-02
-3.700247779488563538e-02
-1.595695689320564270e-02
-3.783965483307838440e-02
-2.842111326754093170e-02
-1.124607399106025696e-02
-1.191918645054101944e-02
-2.479426749050617218e-02
-3.571075201034545898e-02
-3.443762660026550293e-02
-1.726132631301879883e-02
-3.455235064029693604e-02
-4.138558357954025269e-02
-3.026912547647953033e-02
-3.570820391178131104e-02
-2.584955282509326935e-02
-2.709874510765075684e-02
-2.152053080499172211e-02
-3.095990419387817383e-02
-1.832645758986473083e-02
-3.095322661101818085e-02
-3.488158807158470154e-02
-2.564882859587669373e-02
-3.161408007144927979e-02
-2.536635659635066986e-02
-2.735964767634868622e-02
-3.820052742958068848e-02
-1.420058310031890869e-02
-2.108775265514850616e-02
-1.765467040240764618e-02
-2.561559900641441345e-02
-2.388862147927284241e-02
-3.046598285436630249e-02
-3.411554172635078430e-02
-5.200777202844619751e-02
-1.273359917104244232e-02
-2.698579430580139160e-02
-1.559550967067480087e-02
-2.869346179068088531e-02
-2.245165780186653137e-02
-2.548410370945930481e-02
-1.997524406760931015e-03
-2.117649093270301819e-02
-1.477966178208589554e-02
-1.376961264759302139e-02
-2.758555300533771515e-02
-1.468793116509914398e-02
-2.614312991499900818e-02
-1.080500148236751556e-02
-3.098163381218910217e-02
-2.147592231631278992e-02
-1.760081015527248383e-02
-1.795099303126335144e-02
-2.397726289927959442e-02
2.931086346507072449e-04
-2.437944710254669189e-02
-3.409958258271217346e-02
-3.107718750834465027e-02
-1.883151195943355560e-02
-2.299235388636589050e-02
-1.080949325114488602e-02
-2.539895847439765930e-02
-2.731234580278396606e-02
-3.040305338799953461e-02
-2.129039168357849121e-02
-2.551675587892532349e-02
-2.237669192254543304e-02
-4.600265622138977051e-02
-2.230861783027648926e-02
-2.703774720430374146e-02
-3.405699878931045532e-02
-2.598457410931587219e-02
-4.129625856876373291e-02
-2.306369878351688385e-02
-3.283832967281341553e-02
-3.473352640867233276e-02
-3.401376679539680481e-02
-2.760960161685943604e-02
-2.780462428927421570e-02
-2.873694151639938354e-02
-2.554655075073242188e-02
-3.272688388824462891e-02
-2.760715410113334656e-02
-2.300599962472915649e-02
-3.646720200777053833e-02
-2.072744257748126984e-02
-3.132763877511024475e-02
-2.605813741683959961e-02
-3.503888472914695740e-02
-4.522306844592094421e-02
-2.209660597145557404e-02
-2.074549533426761627e-02
-2.025936916470527649e-02
-3.491415455937385559e-02
-3.735921904444694519e-02
-2.505202218890190125e-02
-3.210023045539855957e-02
-4.033355414867401123e-02
-3.029941953718662262e-02
-3.593011945486068726e-02
-3.970386087894439697e-02
-2.581114508211612701e-02
-1.260246243327856064e-02
-2.763831987977027893e-02
-4.398044943809509277e-02
-2.767008915543556213e-02
-2.707718685269355774e-02
-2.807348221540451050e-02
-3.672794625163078308e-02
-2.314188890159130096e-02
-3.643449395895004272e-02
-2.399183996021747589e-02
-4.022587090730667114e-02
-3.465724736452102661e-02
-3.108360990881919861e-02
-2.858634665608406067e-02
-4.619599133729934692e-02
-2.819659560918807983e-02
-3.644382953643798828e-02
-3.400876745581626892e-02
-3.557474166154861450e-02
-1.919432729482650757e-02
-3.252858668565750122e-02
-3.784824162721633911e-02
-3.450503200292587280e-02
-3.357513621449470520e-02
-3.792934864759445190e-02
-3.211771696805953979e-02
-2.917924895882606506e-02
-2.058146148920059204e-02
-2.848990820348262787e-02
-3.732664138078689575e-02
-3.022421523928642273e-02
-2.754522860050201416e-02
-1.611761748790740967e-02
-4.773395135998725891e-02
-5.163040384650230408e-02
-1.020109187811613083e-02
-2.523449994623661041e-02
-3.750111907720565796e-02
-1.534790825098752975e-02
-4.419377446174621582e-02
-2.734709531068801880e-02
-4.660382866859436035e-02
-1.975851878523826599e-02
-4.283224791288375854e-02
-4.191389307379722595e-02
-1.502536982297897339e-02
-3.114695288240909576e-02
-3.790282085537910461e-02
-3.286199271678924561e-02
-3.142310678958892822e-02
-3.530444204807281494e-02
-2.543628960847854614e-02
-4.016344994306564331e-02
-3.510336577892303467e-02
-3.980848565697669983e-02
-5.343851447105407715e-02
-3.196544200181961060e-02
-4.597872123122215271e-02
-2.733275666832923889e-02
-1.986774243414402008e-02
-3.774958848953247070e-02
-3.628619387745857239e-02
-3.568134456872940063e-02
-4.130139201879501343e-02
-4.512898996472358704e-02
-6.542222201824188232e-02
-1.522816717624664307e-02
-3.672416135668754578e-02
-3.796435520052909851e-02
-4.830542579293251038e-02
-3.329867869615554810e-02
-4.537166655063629150e-02
-4.182424768805503845e-02
-4.760310426354408264e-02
-4.481744393706321716e-02
-4.137535393238067627e-02
-3.968322277069091797e-02
-3.079702891409397125e-02
-4.937553033232688904e-02
-5.028827488422393799e-02
-5.482062324881553650e-02
-4.156984388828277588e-02
-1.835864037275314331e-02
-3.826722875237464905e-02
-3.256229311227798462e-02
-3.839174285531044006e-02
-2.205485478043556213e-02
-4.888878017663955688e-02
-5.041268840432167053e-02
-2.578610926866531372e-02
-2.447449788451194763e-02
-4.246354103088378906e-02
-2.859750017523765564e-02
-4.580646008253097534e-02
-3.425920009613037109e-02
-3.449029475450515747e-02
-3.061982244253158569e-02
-5.467756092548370361e-02
-4.353542253375053406e-02
-1.359095890074968338e-02
-5.124340206384658813e-02
-2.129644528031349182e-02
-3.701309114694595337e-02
-3.033102862536907196e-02
-6.450757384300231934e-02
-3.696718066930770874e-02
-4.318579286336898804e-02
-3.538424894213676453e-02
-5.118581652641296387e-02
-3.389600664377212524e-02
-5.460424721240997314e-02
-3.555222228169441223e-02
-3.474087268114089966e-02
-4.756873846054077148e-02
-4.574682936072349548e-02
-3.236633539199829102e-02
-5.420203879475593567e-02
-6.107088178396224976e-02
-3.895853459835052490e-02
-3.702900558710098267e-02
-2.391250990331172943e-02
-4.002185538411140442e-02
-1.573494635522365570e-02
-4.191600531339645386e-02
-4.732951149344444275e-02
-4.594728350639343262e-02
-5.676440894603729248e-02
-3.965538740158081055e-02
-4.993002861738204956e-02
-2.390494570136070251e-02
-5.833061784505844116e-02
-4.425573348999023438e-02
-4.313109815120697021e-02
-3.338535502552986145e-02
-5.753440782427787781e-02
-3.574210405349731445e-02
-5.029103159904479980e-02
-3.422689810395240784e-02
-4.810480028390884399e-02
-5.897642672061920166e-02
-2.238894812762737274e-02
-1.981171034276485443e-02
-3.332061320543289185e-02
-4.858356714248657227e-02
-3.813801705837249756e-02
-5.623862147331237793e-02
-4.932378977537155151e-02
-3.251132369041442871e-02
-4.387847706675529480e-02
-5.206436663866043091e-02
-5.494752526283264160e-02
-1.959465444087982178e-02
-4.845719039440155029e-02
-3.944104909896850586e-02
-4.235973954200744629e-02
-2.432011999189853668e-02
-3.934487700462341309e-02
-3.791169077157974243e-02
-4.725262895226478577e-02
-4.698426276445388794e-02
-4.800885915756225586e-02
-4.133653640747070312e-02
-2.911020442843437195e-02
-3.572288155555725098e-02
-2.548451535403728485e-02
-3.107592090964317322e-02
-3.667981177568435669e-02
-3.664075583219528198e-02
-3.985612839460372925e-02
-5.782996118068695068e-02
-3.457071632146835327e-02
-4.337174072861671448e-02
-2.305103279650211334e-02
-4.671282693743705750e-02
-3.562823683023452759e-02
-6.008736416697502136e-02
-4.223917424678802490e-02
-3.441696986556053162e-02
-3.103986755013465881e-02
-4.887944459915161133e-02
-4.507621377706527710e-02
-3.784575313329696655e-02
-5.039951577782630920e-02
-3.313618153333663940e-02
-3.773115575313568115e-02
-4.824428260326385498e-02
-3.525998443365097046e-02
-4.875012859702110291e-02
-2.596790716052055359e-02
-3.328771516680717468e-02
-3.907018527388572693e-02
-3.848877176642417908e-02
-5.272128060460090637e-02
-4.379765689373016357e-02
-3.428543359041213989e-02
-4.967054724693298340e-02
-3.176930546760559082e-02
-5.452353507280349731e-02
-4.163358733057975769e-02
-3.494939953088760376e-02
-3.970633447170257568e-02
-3.058186918497085571e-02
-6.395845115184783936e-02
-4.154714196920394897e-02
-4.276621714234352112e-02
-3.553038090467453003e-02
-4.305149987339973450e-02
-5.714096128940582275e-02
-6.077529489994049072e-02
-4.842584580183029175e-02
-3.900964930653572083e-02
-3.068369626998901367e-02
-4.140700399875640869e-02
-4.240842536091804504e-02
-4.816507175564765930e-02
-2.312037348747253418e-02
-5.105663090944290161e-02
-4.687730222940444946e-02
-5.782405659556388855e-02
-4.168704897165298462e-02
-3.791349008679389954e-02
-3.352399170398712158e-02
-4.769007489085197449e-02
-4.165526852011680603e-02
-4.773455113172531128e-02
-5.306984111666679382e-02
-4.308215901255607605e-02
-4.650132358074188232e-02
-2.437684684991836548e-02
-4.984102770686149597e-02
-3.917544335126876831e-02
-4.727542400360107422e-02
-2.481015212833881378e-02
-3.230418264865875244e-02
-5.382421985268592834e-02
-3.827197849750518799e-02
-2.892189659178256989e-02
-5.306100845336914062e-02
-2.497284486889839172e-02
-4.382240772247314453e-02
-3.963232412934303284e-02
-5.181009694933891296e-02
-4.176148027181625366e-02
-6.213123723864555359e-02
-4.377572238445281982e-02
-4.718044772744178772e-02
-6.364443898200988770e-02
-4.195950180292129517e-02
-4.030711576342582703e-02
-4.457354545593261719e-02
-3.524711355566978455e-02
-2.925867959856987000e-02
-2.681459859013557434e-02
-5.302035808563232422e-02
-4.002575576305389404e-02
-3.302223607897758484e-02
-5.580560490489006042e-02
-3.514607250690460205e-02
-5.575060471892356873e-02
-5.647382885217666626e-02
-2.929459325969219208e-02
-5.729175731539726257e-02
-5.039746314287185669e-02
-6.181510537862777710e-02
-2.448805794119834900e-02
-5.653352290391921997e-02
-3.600041568279266357e-02
-3.912306576967239380e-02
-4.294931143522262573e-02
-4.713112860918045044e-02
-4.873770475387573242e-02
-6.294636428356170654e-02
-4.230518639087677002e-02
-5.523850023746490479e-02
-4.052954912185668945e-02
-5.829677730798721313e-02
-3.906525671482086182e-02
-2.830473333597183228e-02
-4.518490284681320190e-02
-3.717287257313728333e-02
-3.398224338889122009e-02
-5.671571195125579834e-02
-3.193655982613563538e-02
-2.707545273005962372e-02
-4.305373877286911011e-02
-3.699415922164916992e-02
-3.486640006303787231e-02
-2.770472317934036255e-02
-4.757741093635559082e-02
-3.904386982321739197e-02
-3.436976298689842224e-02
-3.713998198509216309e-02
-4.948435351252555847e-02
-4.579644650220870972e-02
-1.197447441518306732e-02
-3.237826377153396606e-02
-3.456545621156692505e-02
-4.658048599958419800e-02
-3.888051956892013550e-02
-3.961811959743499756e-02
-5.823978781700134277e-02
-3.945322334766387939e-02
-4.680894687771797180e-02
-3.757327049970626831e-02
-4.649925976991653442e-02
-3.909242153167724609e-02
-3.062524273991584778e-02
-4.938828945159912109e-02
-5.282646045088768005e-02
-1.765487343072891235e-02
-4.324832558631896973e-02
-4.781493544578552246e-02
-4.557625949382781982e-02
-3.748771548271179199e-02
-3.979241847991943359e-02
-3.344554826617240906e-02
-4.451842978596687317e-02
-5.041056126356124878e-02
-3.906682878732681274e-02
-4.653112217783927917e-02
-3.164359182119369507e-02
-4.306513816118240356e-02
-7.114011049270629883e-02
-4.385517537593841553e-02
-2.789497934281826019e-02
-5.145303159952163696e-02
-3.935991227626800537e-02
-5.012929812073707581e-02
-5.583162605762481689e-02
-4.563672840595245361e-02
-4.103631153702735901e-02
-4.502859711647033691e-02
-5.070042610168457031e-02
-4.548578709363937378e-02
-3.233902156352996826e-02
-5.257276818156242371e-02
-4.237432777881622314e-02
-5.385249853134155273e-02
-5.192633345723152161e-02
-4.662187024950981140e-02
-4.000711441040039062e-02
-4.635824635624885559e-02
-5.893675982952117920e-02
-3.793869912624359131e-02
-3.981022536754608154e-02
-4.591773450374603271e-02
-3.296144679188728333e-02
-4.874962568283081055e-02
-4.674229025840759277e-02
-3.763596341013908386e-02
-4.620492458343505859e-02
-5.112104117870330811e-02
-5.677470564842224121e-02
-4.773057252168655396e-02
-4.215643927454948425e-02
-4.467336088418960571e-02
-3.434292599558830261e-02
-4.706006124615669250e-02
-3.356911987066268921e-02
-4.074574634432792664e-02
-4.286206513643264771e-02
-4.807671159505844116e-02
-4.388210922479629517e-02
-4.577636718750000000e-02
-3.020569309592247009e-02
-4.230300337076187134e-02
-5.378256738185882568e-02
-5.057877302169799805e-02
-4.911317676305770874e-02
-3.809573501348495483e-02
-4.755415767431259155e-02
-4.359556362032890320e-02
-4.811400175094604492e-02
-4.778333008289337158e-02
-6.371864676475524902e-02
-3.500124812126159668e-02
-4.292703792452812195e-02
-3.312036022543907166e-02
-3.750137239694595337e-02
-4.188042879104614258e-02
-4.870736598968505859e-02
-4.560114070773124695e-02
-4.902065917849540710e-02
-6.292374432086944580e-02
-2.535911463201045990e-02
-4.697855189442634583e-02
-6.649538874626159668e-02
-4.035173356533050537e-02
-4.167030751705169678e-02
-4.018253460526466370e-02
-4.730003327131271362e-02
-3.825214877724647522e-02
-2.321667596697807312e-02
-5.732840299606323242e-02
-4.699219390749931335e-02
-6.475533545017242432e-02
-4.016552492976188660e-02
-4.237639158964157104e-02
-4.198943078517913818e-02
-4.310052841901779175e-02
-4.164413362741470337e-02
-3.295934200286865234e-02
-4.318381845951080322e-02
-5.106057226657867432e-02
-4.669187963008880615e-02
-4.949573054909706116e-02
-4.868672043085098267e-02
-5.131900683045387268e-02
-4.837322980165481567e-02
-4.969850927591323853e-02
-4.241917282342910767e-02
-4.530545696616172791e-02
-5.410429090261459351e-02
-4.775851592421531677e-02
-3.394215553998947144e-02
-4.136698693037033081e-02
-4.637566953897476196e-02
-4.809606820344924927e-02
-4.379972442984580994e-02
-5.631714686751365662e-02
-4.083923995494842529e-02
-5.604671686887741089e-02
-2.523694559931755066e-02
-4.566029459238052368e-02
-4.838556051254272461e-02
-3.867769986391067505e-02
-5.608361214399337769e-02
-5.075503140687942505e-02
-3.757308050990104675e-02
-3.287642449140548706e-02
-4.233087971806526184e-02
-4.777610301971435547e-02
-6.094129383563995361e-02
-3.994726389646530151e-02
-3.315191715955734253e-02
-3.964180499315261841e-02
-4.695827513933181763e-02
-5.665446072816848755e-02
-3.559013083577156067e-02
-3.643153607845306396e-02
-5.404609441757202148e-02
-4.406893253326416016e-02
-3.006373345851898193e-02
-5.641214177012443542e-02
-4.104099422693252563e-02
-3.875712305307388306e-02
-5.327546596527099609e-02
-5.254893377423286438e-02
-5.613294243812561035e-02
-4.963801056146621704e-02
-4.593576118350028992e-02
-5.701586604118347168e-02
-4.962844401597976685e-02
-3.451419621706008911e-02
-3.390335291624069214e-02
-4.074668139219284058e-02
-3.395606204867362976e-02
-4.662321507930755615e-02
-2.039115689694881439e-02
-6.869548559188842773e-02
-4.047045856714248657e-02
-3.578184545040130615e-02
-3.822172433137893677e-02
-4.918085783720016479e-02
-3.282212093472480774e-02
-5.635833740234375000e-02
-4.138826578855514526e-02
-5.751741304993629456e-02
-4.788479208946228027e-02
-5.474169179797172546e-02
-4.493578895926475525e-02
-1.943489909172058105e-02
-6.216097623109817505e-02
-5.570258200168609619e-02
-4.824362695217132568e-02
-5.735324323177337646e-02
-4.031606018543243408e-02
-4.520010575652122498e-02
-6.685986369848251343e-02
-3.695111349225044250e-02
-5.980120599269866943e-02
-4.502696171402931213e-02
-3.990308195352554321e-02
-4.112881422042846680e-02
-3.972219303250312805e-02
-4.209673032164573669e-02
-3.649100661277770996e-02
-4.359226301312446594e-02
-4.078812897205352783e-02
-4.328699782490730286e-02
-3.137578815221786499e-02
-5.668620392680168152e-02
-3.714922070503234863e-02
-4.275065660476684570e-02
-4.690755903720855713e-02
-4.120325297117233276e-02
-4.167285934090614319e-02
-4.381754621863365173e-02
-3.628038242459297180e-02
-4.064979404211044312e-02
-3.246808424592018127e-02
-5.254884809255599976e-02
-3.562275692820549011e-02
-4.674042388796806335e-02
