2.231929451227188110e-03
-8.157452568411827087e-03
-6.365764141082763672e-02
-1.070094108581542969e-01
-9.155926853418350220e-02
-1.046296209096908569e-01
-1.366338282823562622e-01
-2.339034378528594971e-01
-1.436875313520431519e-01
-1.768216192722320557e-01
-1.524778306484222412e-01
-1.524414867162704468e-01
-2.236393690109252930e-01
-7.903786003589630127e-02
-2.331256419420242310e-01
-1.491012275218963623e-01
-1.964162588119506836e-01
-1.782093197107315063e-01
-1.188974753022193909e-01
-1.981609910726547241e-01
-1.213678345084190369e-01
-1.342325210571289062e-01
-1.245623379945755005e-01
-1.996080875396728516e-01
-1.609055697917938232e-01
-1.475794613361358643e-01
-1.747667193412780762e-01
-1.597154587507247925e-01
-1.659693270921707153e-01
-1.853430569171905518e-01
-1.247681453824043274e-01
-1.402473598718643188e-01
-1.820938587188720703e-01
-1.389638483524322510e-01
-1.332105398178100586e-01
-1.483203917741775513e-01
-1.641001552343368530e-01
-1.473348736763000488e-01
-1.456747055053710938e-01
-2.089447826147079468e-01
-1.260641962289810181e-01
-1.652927398681640625e-01
-6.077151745557785034e-02
-8.962432295083999634e-02
-1.297614127397537231e-01
-9.996630251407623291e-02
-1.595678031444549561e-01
-1.015162914991378784e-01
-1.544194221496582031e-01
-1.479680091142654419e-01
-1.122259050607681274e-01
-1.520343422889709473e-01
-1.447001844644546509e-01
-1.314530372619628906e-01
-1.601091176271438599e-01
-1.034446880221366882e-01
-1.283880919218063354e-01
-1.557907164096832275e-01
-1.035846024751663208e-01
-1.331814527511596680e-01
-1.634200811386108398e-01
-9.917350113391876221e-02
-1.592807024717330933e-01
-1.351535767316818237e-01
-1.310559958219528198e-01
-1.278343200683593750e-01
-1.009303927421569824e-01
-1.123732700943946838e-01
-1.268446892499923706e-01
-9.466052055358886719e-02
-8.638471364974975586e-02
-1.034708768129348755e-01
-1.011675223708152771e-01
-1.053101047873497009e-01
-1.427137404680252075e-01
-1.082059890031814575e-01
-1.155909225344657898e-01
-1.281871199607849121e-01
-9.984962642192840576e-02
-7.992701977491378784e-02
-1.263658106327056885e-01
-1.259625405073165894e-01
-1.059271991252899170e-01
-1.023901328444480896e-01
-1.207511723041534424e-01
-1.602908223867416382e-01
-1.055060178041458130e-01
-1.408420205116271973e-01
-7.538104057312011719e-02
-1.375453919172286987e-01
-9.434813261032104492e-02
-1.423833668231964111e-01
-1.081185564398765564e-01
-1.127585917711257935e-01
-1.122924014925956726e-01
-8.408582210540771484e-02
-8.947515487670898438e-02
-1.368423998355865479e-01
-7.012552767992019653e-02
-8.160424977540969849e-02
-1.457437574863433838e-01
-8.628844469785690308e-02
-1.126183718442916870e-01
-8.296355605125427246e-02
-9.161408245563507080e-02
-7.287386804819107056e-02
-1.118528917431831360e-01
-1.504095047712326050e-01
-7.927681505680084229e-02
-4.893251508474349976e-02
-6.264925748109817505e-02
-1.060707718133926392e-01
-1.000778675079345703e-01
-9.300988912582397461e-02
-1.208969131112098694e-01
-5.829759314656257629e-02
-1.058984920382499695e-01
-1.020000800490379333e-01
-8.606363832950592041e-02
-7.193237543106079102e-02
-6.368470937013626099e-02
-1.197621673345565796e-01
-9.618726372718811035e-02
-1.110035181045532227e-01
-9.625362604856491089e-02
-1.084148362278938293e-01
-8.863240480422973633e-02
-8.717162162065505981e-02
-7.679688185453414917e-02
-8.878047764301300049e-02
-7.387313991785049438e-02
-1.057305410504341125e-01
-1.165556311607360840e-01
-1.285922080278396606e-01
-8.168698102235794067e-02
-1.208172217011451721e-01
-1.463729143142700195e-01
-1.087605655193328857e-01
-1.127687767148017883e-01
-9.784626960754394531e-02
-8.013596385717391968e-02
-1.351112276315689087e-01
-1.123313307762145996e-01
-7.832948863506317139e-02
-6.007176637649536133e-02
-5.251154676079750061e-02
-9.736356884241104126e-02
-4.490793496370315552e-02
-8.397626876831054688e-02
-7.195055484771728516e-02
-1.125134602189064026e-01
-8.437801897525787354e-02
-9.612389653921127319e-02
-1.064335405826568604e-01
-1.117483600974082947e-01
-7.847900688648223877e-02
-1.055222526192665100e-01
-6.643203645944595337e-02
-1.077718287706375122e-01
-5.297268927097320557e-02
-8.497339487075805664e-02
-6.371831893920898438e-02
-1.303232461214065552e-01
-7.223092764616012573e-02
-9.689365327358245850e-02
-7.206352800130844116e-02
-5.833373963832855225e-02
-7.900315523147583008e-02
-9.322492033243179321e-02
-5.421512201428413391e-02
-1.262727230787277222e-01
-1.239470317959785461e-01
-9.795704483985900879e-02
-6.672713160514831543e-02
-1.011812239885330200e-01
-9.975268691778182983e-02
-9.230235219001770020e-02
-1.116183251142501831e-01
-5.893631279468536377e-02
-1.034515649080276489e-01
-9.561402350664138794e-02
-7.459554076194763184e-02
-7.928182929754257202e-02
-7.931463420391082764e-02
-4.792993143200874329e-02
-7.301886379718780518e-02
-1.008082479238510132e-01
-6.674301624298095703e-02
-7.268703728914260864e-02
-7.438243180513381958e-02
-8.015577495098114014e-02
-6.689048558473587036e-02
-6.637953221797943115e-02
-5.194569379091262817e-02
-8.514305204153060913e-02
-7.484350353479385376e-02
-7.105751335620880127e-02
-6.217350065708160400e-02
-6.194498389959335327e-02
-9.896394610404968262e-02
-7.301975786685943604e-02
-8.723818510770797729e-02
-8.637817949056625366e-02
-6.874561309814453125e-02
-7.838192582130432129e-02
-1.014147028326988220e-01
-9.204741567373275757e-02
-6.089237332344055176e-02
-7.405279576778411865e-02
-9.148205816745758057e-02
-5.813733860850334167e-02
-4.563042894005775452e-02
-7.514750212430953979e-02
-5.378480255603790283e-02
-8.859035372734069824e-02
-6.086406484246253967e-02
-9.324779361486434937e-02
-5.323509499430656433e-02
-6.578525155782699585e-02
-7.844442129135131836e-02
-5.319917947053909302e-02
-8.105436712503433228e-02
-7.558836042881011963e-02
-8.246348798274993896e-02
-6.927454471588134766e-02
-6.357204914093017578e-02
-1.017653793096542358e-01
-3.791304305195808411e-02
-7.047531008720397949e-02
-4.948781430721282959e-02
-7.626924663782119751e-02
-7.256582379341125488e-02
-8.255776762962341309e-02
-6.472064554691314697e-02
-8.398096263408660889e-02
-9.853877127170562744e-02
-1.035673394799232483e-01
-5.276970565319061279e-02
-9.881030768156051636e-02
-3.587535023689270020e-02
-8.874230831861495972e-02
-6.654001027345657349e-02
-6.569382548332214355e-02
-6.393492221832275391e-02
-4.863494634628295898e-02
-9.431827813386917114e-02
-5.506474524736404419e-02
-7.966835051774978638e-02
-5.590578541159629822e-02
-7.972884178161621094e-02
-8.750613033771514893e-02
-7.409369945526123047e-02
-8.226110786199569702e-02
-5.163722112774848938e-02
-4.361682012677192688e-02
-9.024186432361602783e-02
-7.318160682916641235e-02
-9.497207403182983398e-02
-6.871472299098968506e-02
-6.052835658192634583e-02
-3.709809482097625732e-02
-5.421119928359985352e-02
-6.417939066886901855e-02
-4.806499183177947998e-02
-5.486200377345085144e-02
-7.753306627273559570e-02
-6.514314562082290649e-02
-6.008437648415565491e-02
-4.245750606060028076e-02
-7.418841868638992310e-02
-3.492514789104461670e-02
-7.803102582693099976e-02
-5.955371260643005371e-02
-5.740122869610786438e-02
-6.639263033866882324e-02
-7.244523614645004272e-02
-7.854001224040985107e-02
-5.104873329401016235e-02
-4.772014915943145752e-02
-6.324993818998336792e-02
-5.576609820127487183e-02
-4.931706935167312622e-02
-5.891036987304687500e-02
-6.422327458858489990e-02
-5.440915375947952271e-02
-7.488730549812316895e-02
-5.724362656474113464e-02
-4.139987379312515259e-02
-8.356373012065887451e-02
-5.314797908067703247e-02
-4.584715142846107483e-02
-5.815133452415466309e-02
-3.976862132549285889e-02
-5.617931485176086426e-02
-6.532721221446990967e-02
-5.955316498875617981e-02
-5.959223210811614990e-02
-6.285303086042404175e-02
-6.885630637407302856e-02
-2.783318981528282166e-02
-4.868309199810028076e-02
-4.560132697224617004e-02
-4.182652756571769714e-02
-4.160998761653900146e-02
-6.259136646986007690e-02
-4.514080286026000977e-02
-4.820601642131805420e-02
-6.983602046966552734e-02
-4.071991890668869019e-02
-4.513295739889144897e-02
-4.662067070603370667e-02
-6.073724478483200073e-02
-5.390840023756027222e-02
-4.930741339921951294e-02
-7.376836985349655151e-02
-5.210756510496139526e-02
-5.287373811006546021e-02
-6.668153405189514160e-02
-4.465343058109283447e-02
-7.020285725593566895e-02
-4.943568259477615356e-02
-6.180954724550247192e-02
-5.306484177708625793e-02
-7.131594419479370117e-02
-4.212514311075210571e-02
-5.924131721258163452e-02
-5.549649149179458618e-02
-5.305249243974685669e-02
-5.085603892803192139e-02
-5.226475372910499573e-02
-6.980966031551361084e-02
-7.004659622907638550e-02
-5.683729797601699829e-02
-3.966907039284706116e-02
-5.549997091293334961e-02
-6.316238641738891602e-02
-6.201881170272827148e-02
-5.070641636848449707e-02
-4.307475686073303223e-02
-5.095632746815681458e-02
-6.185981631278991699e-02
-8.096372336149215698e-02
-6.529332697391510010e-02
-6.985393166542053223e-02
-6.222646683454513550e-02
-4.416930675506591797e-02
-5.412415787577629089e-02
-4.555803537368774414e-02
-5.481453612446784973e-02
-6.574534624814987183e-02
-4.905173182487487793e-02
-6.139570847153663635e-02
-6.544081121683120728e-02
-5.542870983481407166e-02
-5.751292407512664795e-02
-9.115880727767944336e-02
-6.832698732614517212e-02
-6.913650035858154297e-02
-6.629513949155807495e-02
-4.147855192422866821e-02
-5.697298049926757812e-02
-6.545156240463256836e-02
-7.150056213140487671e-02
-6.582282483577728271e-02
-6.374497711658477783e-02
-8.646421134471893311e-02
-5.189643055200576782e-02
-5.306731164455413818e-02
-4.575116187334060669e-02
-6.662219762802124023e-02
-4.993770271539688110e-02
-5.993163585662841797e-02
-6.864171475172042847e-02
-5.381604284048080444e-02
-7.256615161895751953e-02
-6.923452764749526978e-02
-6.500761210918426514e-02
-5.506692826747894287e-02
-5.304609984159469604e-02
-5.416168272495269775e-02
-6.292401254177093506e-02
-5.671671777963638306e-02
-5.353023484349250793e-02
-4.421525076031684875e-02
-3.036184608936309814e-02
-5.277047678828239441e-02
-5.401671305298805237e-02
-6.703513860702514648e-02
-6.586240231990814209e-02
-5.087821185588836670e-02
-3.613588586449623108e-02
-4.186062514781951904e-02
-8.393156528472900391e-02
-4.557979106903076172e-02
-6.102576479315757751e-02
-5.649296194314956665e-02
-6.937108188867568970e-02
-6.028697639703750610e-02
-6.699858605861663818e-02
-6.488648056983947754e-02
-5.036985501646995544e-02
-4.293617606163024902e-02
-5.435816943645477295e-02
-6.515312194824218750e-02
-4.854214191436767578e-02
-6.352363526821136475e-02
-6.339406967163085938e-02
-5.718209594488143921e-02
-4.380623623728752136e-02
-4.050837829709053040e-02
-6.081828847527503967e-02
-4.320197179913520813e-02
-7.021310925483703613e-02
-6.775295734405517578e-02
-3.982485458254814148e-02
-5.679931491613388062e-02
-4.790478572249412537e-02
-5.833959579467773438e-02
-4.460435733199119568e-02
-5.366967618465423584e-02
-6.526657193899154663e-02
-6.283912807703018188e-02
-3.905921801924705505e-02
-5.330597609281539917e-02
-3.853294253349304199e-02
-5.302134901285171509e-02
-4.720228910446166992e-02
-6.195588037371635437e-02
-7.292066514492034912e-02
-4.846820980310440063e-02
-6.274077296257019043e-02
-4.951709508895874023e-02
-4.891968518495559692e-02
-5.405108258128166199e-02
-4.710575193166732788e-02
-5.719166249036788940e-02
-5.531425029039382935e-02
-5.635268241167068481e-02
-6.655083596706390381e-02
-3.665793687105178833e-02
-4.637543857097625732e-02
-4.331141337752342224e-02
-6.019736453890800476e-02
-4.963774979114532471e-02
-6.966593116521835327e-02
-6.096513196825981140e-02
-3.964544087648391724e-02
-4.291643202304840088e-02
-5.856125429272651672e-02
-4.435831308364868164e-02
-4.238310828804969788e-02
-6.231470406055450439e-02
-6.413285434246063232e-02
-5.279067158699035645e-02
-6.732092797756195068e-02
-4.225733876228332520e-02
-4.543010890483856201e-02
-4.106882214546203613e-02
-4.074664413928985596e-02
-5.844934284687042236e-02
-4.856395721435546875e-02
-3.885935992002487183e-02
-6.320684403181076050e-02
-5.467063188552856445e-02
-3.795199841260910034e-02
-4.153925180435180664e-02
-3.931210562586784363e-02
-5.503616482019424438e-02
-5.833611637353897095e-02
-4.916372895240783691e-02
-4.864101111888885498e-02
-4.930259287357330322e-02
-4.917500913143157959e-02
-4.955222457647323608e-02
-4.432662576436996460e-02
-6.150327622890472412e-02
-4.532078653573989868e-02
-2.965258434414863586e-02
-4.845833778381347656e-02
-4.145884141325950623e-02
-5.532645806670188904e-02
-5.508097261190414429e-02
-4.576056450605392456e-02
-5.030877143144607544e-02
-5.581603944301605225e-02
-5.067368224263191223e-02
-5.135935172438621521e-02
-3.218743205070495605e-02
-4.277569055557250977e-02
-5.591087788343429565e-02
-4.871588945388793945e-02
-4.435305297374725342e-02
-5.405965819954872131e-02
-4.291006177663803101e-02
-3.967434912919998169e-02
-6.321905553340911865e-02
-4.835705086588859558e-02
-3.878170996904373169e-02
-6.357154995203018188e-02
-5.064180120825767517e-02
-4.733648523688316345e-02
-4.272677004337310791e-02
-5.948114395141601562e-02
-3.954507037997245789e-02
-5.819717049598693848e-02
-4.667705297470092773e-02
-4.759809374809265137e-02
-3.477122634649276733e-02
-6.589967012405395508e-02
-6.189796328544616699e-02
-4.465755820274353027e-02
-4.125303775072097778e-02
-4.587221890687942505e-02
-4.452051594853401184e-02
-5.499934777617454529e-02
-6.120882928371429443e-02
-5.804960802197456360e-02
-3.915459662675857544e-02
-4.176051169633865356e-02
-6.755916774272918701e-02
-5.478901416063308716e-02
-5.052328854799270630e-02
-4.232422262430191040e-02
-3.554445877671241760e-02
-5.131946504116058350e-02
-4.174529761075973511e-02
-7.735216617584228516e-02
-5.464053899049758911e-02
-5.779088288545608521e-02
-5.960958823561668396e-02
-2.790418267250061035e-02
-5.627650767564773560e-02
-4.865961894392967224e-02
-3.669838607311248779e-02
-6.160682067275047302e-02
-5.890944972634315491e-02
-4.145972803235054016e-02
-5.426708608865737915e-02
-6.520345062017440796e-02
-5.360987037420272827e-02
-6.444264948368072510e-02
-4.437090083956718445e-02
-3.505913913249969482e-02
-3.828441351652145386e-02
-5.685475841164588928e-02
-7.569838315248489380e-02
-6.143157184123992920e-02
-4.695932939648628235e-02
-5.416117608547210693e-02
-5.209073051810264587e-02
-6.178890913724899292e-02
-5.337800830602645874e-02
-5.664788931608200073e-02
-2.891075611114501953e-02
-4.522293806076049805e-02
-5.773037672042846680e-02
-5.004338920116424561e-02
-6.044643372297286987e-02
-4.312295466661453247e-02
-4.069017618894577026e-02
-5.069059133529663086e-02
-3.520630300045013428e-02
-7.187024503946304321e-02
-5.344644188880920410e-02
-4.470992088317871094e-02
-4.167106002569198608e-02
-5.479762703180313110e-02
-4.664499685168266296e-02
-6.197518110275268555e-02
-8.438955992460250854e-02
-6.100793182849884033e-02
-4.329099133610725403e-02
-4.833729565143585205e-02
-4.259694740176200867e-02
-5.606244504451751709e-02
-4.437342658638954163e-02
-3.707946836948394775e-02
-4.352857545018196106e-02
-5.925817042589187622e-02
-4.862527549266815186e-02
-5.113591253757476807e-02
-6.204199045896530151e-02
-5.468679964542388916e-02
-5.142559856176376343e-02
-4.758613929152488708e-02
-4.640320688486099243e-02
-5.997759103775024414e-02
-4.564078897237777710e-02
-5.622728914022445679e-02
-4.573084414005279541e-02
-4.073436930775642395e-02
-5.330070480704307556e-02
-6.055850908160209656e-02
-6.041872501373291016e-02
-3.745867311954498291e-02
-5.125674605369567871e-02
-4.215902835130691528e-02
-5.415334179997444153e-02
-4.160536080598831177e-02
-4.175255075097084045e-02
-5.096063017845153809e-02
-4.919909685850143433e-02
-4.026849567890167236e-02
-5.662855505943298340e-02
-5.037187784910202026e-02
-6.724047660827636719e-02
-6.307029724121093750e-02
-5.481967329978942871e-02
-5.800098553299903870e-02
-4.745475575327873230e-02
-7.178615778684616089e-02
-4.869684949517250061e-02
-5.178246647119522095e-02
-4.588048905134201050e-02
-5.315037444233894348e-02
-5.135606974363327026e-02
-3.967621549963951111e-02
-7.057646661996841431e-02
-5.363611131906509399e-02
-9.288154542446136475e-02
-6.369610875844955444e-02
-3.682192414999008179e-02
-4.555892199277877808e-02
-4.203464090824127197e-02
-5.325061827898025513e-02
-5.126426368951797485e-02
-3.235498815774917603e-02
-5.087929964065551758e-02
-4.856600612401962280e-02
-5.857296660542488098e-02
-6.680829077959060669e-02
-3.349523246288299561e-02
-5.872733891010284424e-02
-6.688877195119857788e-02
-6.068658083677291870e-02
-4.371625185012817383e-02
-6.518372148275375366e-02
-7.112041860818862915e-02
-5.867213755846023560e-02
-5.837450176477432251e-02
-5.485790595412254333e-02
-3.502649068832397461e-02
-4.208136349916458130e-02
-5.318307504057884216e-02
-6.616497039794921875e-02
-5.215056240558624268e-02
-2.519612014293670654e-02
-4.575088620185852051e-02
-5.085756257176399231e-02
-3.138541057705879211e-02
-5.935382097959518433e-02
-6.509095430374145508e-02
-6.415849179029464722e-02
-4.737300798296928406e-02
-4.852747917175292969e-02
-1.136637926101684570e-01
-5.535446479916572571e-02
-5.523616820573806763e-02
-5.542887002229690552e-02
-7.201769948005676270e-02
-5.259602889418601990e-02
-5.240742117166519165e-02
-4.350250214338302612e-02
-5.408760905265808105e-02
-5.560642480850219727e-02
-6.686282157897949219e-02
-5.298768356442451477e-02
-4.658822715282440186e-02
-5.495946854352951050e-02
-5.377256125211715698e-02
-4.404034465551376343e-02
-5.712231248617172241e-02
-3.885316848754882812e-02
-4.353687167167663574e-02
-5.530021339654922485e-02
-6.086931005120277405e-02
-5.573254078626632690e-02
-5.576664954423904419e-02
-4.453907907009124756e-02
-6.263114511966705322e-02
-5.864410847425460815e-02
-6.062595918774604797e-02
-6.817579269409179688e-02
-5.219408124685287476e-02
-3.867417573928833008e-02
-3.753069788217544556e-02
-5.622408539056777954e-02
-4.242779687047004700e-02
-6.848227977752685547e-02
-6.345854699611663818e-02
-5.786739289760589600e-02
-4.709789901971817017e-02
-6.563993543386459351e-02
-7.248840481042861938e-02
-4.908706620335578918e-02
-5.252547562122344971e-02
-6.023301184177398682e-02
-6.781951338052749634e-02
-6.214471161365509033e-02
-5.137288942933082581e-02
-5.228468775749206543e-02
-2.963213622570037842e-02
-4.152721539139747620e-02
-6.062219291925430298e-02
-4.701755940914154053e-02
-4.468117281794548035e-02
-4.684630781412124634e-02
-3.426702320575714111e-02
-4.205882176756858826e-02
-4.937523230910301208e-02
-4.754828289151191711e-02
-5.533637478947639465e-02
-4.323498532176017761e-02
-8.030404150485992432e-02
-3.417798876762390137e-02
-6.387583166360855103e-02
-4.614368826150894165e-02
-6.333679705858230591e-02
-8.568101376295089722e-02
-5.664522945880889893e-02
-5.717114359140396118e-02
-5.201730877161026001e-02
-4.626493155956268311e-02
-4.920949414372444153e-02
-5.250043794512748718e-02
-6.171493604779243469e-02
-5.624895542860031128e-02
-4.110099375247955322e-02
-6.388066709041595459e-02
-4.734209924936294556e-02
-3.787498921155929565e-02
-4.147005826234817505e-02
-4.255328699946403503e-02
-5.910396575927734375e-02
-4.963929206132888794e-02
-4.935918003320693970e-02
-4.806312918663024902e-02
-5.328513681888580322e-02
-5.065392702817916870e-02
-3.543142974376678467e-02
-6.327323615550994873e-02
-6.086489185690879822e-02
-3.607347607612609863e-02
-5.146088078618049622e-02
-4.426259174942970276e-02
-4.250269383192062378e-02
-4.336220026016235352e-02
-5.587662011384963989e-02
-5.497000738978385925e-02
-3.131188824772834778e-02
-4.629055410623550415e-02
-5.534322559833526611e-02
-4.892413318157196045e-02
-5.035512149333953857e-02
-5.467457324266433716e-02
-6.031764298677444458e-02
-6.180467456579208374e-02
-5.766786634922027588e-02
-6.702522188425064087e-02
-4.281944036483764648e-02
-4.978346824645996094e-02
-5.805486440658569336e-02
-5.207701027393341064e-02
-4.678769037127494812e-02
-4.264166951179504395e-02
-4.719143733382225037e-02
-5.230256542563438416e-02
-4.835527390241622925e-02
-4.100439697504043579e-02
-5.134724080562591553e-02
-6.827489286661148071e-02
-4.808435589075088501e-02
-4.830614477396011353e-02
-5.733723938465118408e-02
-4.829383268952369690e-02
-3.920751437544822693e-02
-3.331000730395317078e-02
-2.511583268642425537e-02
-4.952640086412429810e-02
-4.970450699329376221e-02
-6.082540750503540039e-02
-4.238026961684226990e-02
-3.880487382411956787e-02
-7.604008913040161133e-02
-5.411963537335395813e-02
-5.789553374052047729e-02
-4.857723414897918701e-02
-5.953682959079742432e-02
-4.452883824706077576e-02
-4.669876396656036377e-02
-5.101756379008293152e-02
-4.088545590639114380e-02
-3.529337048530578613e-02
-2.642843872308731079e-02
-6.147724390029907227e-02
-5.033279955387115479e-02
-3.305530548095703125e-02
-3.777237236499786377e-02
-5.877714604139328003e-02
-5.906300246715545654e-02
-2.962763607501983643e-02
-4.722265899181365967e-02
-3.267246112227439880e-02
-2.852188795804977417e-02
-4.440844058990478516e-02
-5.529422312974929810e-02
-3.633744269609451294e-02
-6.912340968847274780e-02
-5.962775275111198425e-02
-3.959250450134277344e-02
-4.886064305901527405e-02
-5.107046663761138916e-02
-4.911876469850540161e-02
-3.507220000028610229e-02
-4.439135640859603882e-02
-5.180754512548446655e-02
-4.298860579729080200e-02
-6.526029109954833984e-02
-5.541948974132537842e-02
-5.978602170944213867e-02
-4.704351723194122314e-02
-4.527620598673820496e-02
-5.027018487453460693e-02
-3.489134460687637329e-02
-3.692356869578361511e-02
-2.805192768573760986e-02
-4.920767992734909058e-02
-3.652107343077659607e-02
-4.505774006247520447e-02
-4.574476182460784912e-02
-4.622302949428558350e-02
-4.865649342536926270e-02
-5.358087271451950073e-02
-4.969309642910957336e-02
-4.306963086128234863e-02
-4.704536497592926025e-02
-3.825223445892333984e-02
-5.737751349806785583e-02
-3.742929548025131226e-02
-3.897806257009506226e-02
-4.996460676193237305e-02
-5.112504959106445312e-02
-6.990281492471694946e-02
-5.362203717231750488e-02
-6.611528992652893066e-02
-3.505652397871017456e-02
-6.128195300698280334e-02
-4.190342128276824951e-02
-2.301507443189620972e-02
-6.041413173079490662e-02
-4.538147151470184326e-02
-4.204117134213447571e-02
-4.372021183371543884e-02
-4.198519885540008545e-02
-4.840279743075370789e-02
-5.326323583722114563e-02
-5.915199965238571167e-02
-4.325295984745025635e-02
-4.636783152818679810e-02
-5.534840747714042664e-02
-4.829154163599014282e-02
-5.670625343918800354e-02
-4.816294088959693909e-02
-2.694629132747650146e-02
-3.025523945689201355e-02
-3.568499535322189331e-02
-6.295790523290634155e-02
-3.382933884859085083e-02
-5.626491457223892212e-02
-4.656657204031944275e-02
-3.912128508090972900e-02
-3.371372446417808533e-02
-6.949147582054138184e-02
-5.187456309795379639e-02
-5.361245945096015930e-02
-3.859129175543785095e-02
-3.826418519020080566e-02
-3.391268849372863770e-02
-5.318969115614891052e-02
-2.768798172473907471e-02
-3.790286928415298462e-02
-5.121648311614990234e-02
-4.592579603195190430e-02
-6.668543070554733276e-02
-5.525439977645874023e-02
-4.183342680335044861e-02
-5.271616205573081970e-02
-3.997172787785530090e-02
-5.054055899381637573e-02
-5.076638609170913696e-02
-3.501500189304351807e-02
-5.444281548261642456e-02
-4.687103629112243652e-02
-4.771333187818527222e-02
-4.657106846570968628e-02
-4.508862644433975220e-02
-3.931967169046401978e-02
-4.552098736166954041e-02
-6.986176222562789917e-02
-6.977206468582153320e-02
-4.766277596354484558e-02
-4.542891681194305420e-02
-6.068278849124908447e-02
-3.020796179771423340e-02
-7.552924007177352905e-02
-3.893965855240821838e-02
-5.688031762838363647e-02
-2.791519463062286377e-02
-6.400728970766067505e-02
-2.761807292699813843e-02
-4.767671972513198853e-02
-5.437900871038436890e-02
-3.522804379463195801e-02
-3.522228449583053589e-02
-5.169629305601119995e-02
-5.612704157829284668e-02
-6.050256267189979553e-02
-5.297914892435073853e-02
-4.272022470831871033e-02
-3.248232230544090271e-02
-4.240623116493225098e-02
-3.059144318103790283e-02
-5.703102424740791321e-02
-4.302436113357543945e-02
-2.911425381898880005e-02
-4.572431743144989014e-02
-3.454450517892837524e-02
-4.981804639101028442e-02
-5.120334774255752563e-02
-4.952698945999145508e-02
-3.361567854881286621e-02
-5.204274132847785950e-02
-5.321874469518661499e-02
-5.552037805318832397e-02
-6.156492978334426880e-02
-4.609831795096397400e-02
-4.867377877235412598e-02
-4.192794859409332275e-02
-4.573780298233032227e-02
-2.593924850225448608e-02
-4.588980972766876221e-02
-4.522898420691490173e-02
-4.922224581241607666e-02
-4.400133714079856873e-02
-2.262685447931289673e-02
-5.109274014830589294e-02
-4.321533441543579102e-02
-5.052101612091064453e-02
-3.544485941529273987e-02
-5.081390962004661560e-02
-4.258635640144348145e-02
-6.077207997441291809e-02
-4.658684134483337402e-02
-2.606178820133209229e-02
-5.349761992692947388e-02
-5.501176416873931885e-02
-4.268921166658401489e-02
-4.604373872280120850e-02
-5.020289495587348938e-02
-5.734343826770782471e-02
-5.332115665078163147e-02
-5.468490719795227051e-02
-4.640806466341018677e-02
-2.635911107063293457e-02
-3.554179891943931580e-02
-5.592512339353561401e-02
-5.392684042453765869e-02
-4.316084086894989014e-02
-4.645876586437225342e-02
-5.193718522787094116e-02
-4.363138973712921143e-02
-4.148028045892715454e-02
-5.575736612081527710e-02
-3.826885297894477844e-02
-4.454706609249114990e-02
-6.568229943513870239e-02
-3.163569420576095581e-02
-5.357493832707405090e-02
-2.935705333948135376e-02
-5.128895491361618042e-02
-5.059333890676498413e-02
-4.406355321407318115e-02
-6.066033616662025452e-02
-7.129370421171188354e-02
-4.791714623570442200e-02
-4.410740360617637634e-02
-4.487619549036026001e-02
-5.238559842109680176e-02
-4.082441329956054688e-02
-5.039435252547264099e-02
-6.154595315456390381e-02
-4.038784652948379517e-02
-4.995031654834747314e-02
-4.814847558736801147e-02
-5.675893276929855347e-02
-6.038769334554672241e-02
-4.263238608837127686e-02
-5.145629867911338806e-02
-3.571739047765731812e-02
-3.176290541887283325e-02
