-5.388043820858001709e-03
-8.414708822965621948e-02
-8.318971097469329834e-02
-8.511207997798919678e-02
-6.884974986314773560e-02
-7.291220128536224365e-02
-5.937864631414413452e-02
-7.183375954627990723e-02
-7.565312087535858154e-02
-7.188948243856430054e-02
-8.009956777095794678e-02
-6.876154243946075439e-02
-7.292841374874114990e-02
-7.981185615062713623e-02
-7.148169726133346558e-02
-7.067079842090606689e-02
-7.627792656421661377e-02
-7.512217760086059570e-02
-6.602238863706588745e-02
-7.819403707981109619e-02
-6.612951308488845825e-02
-6.874816864728927612e-02
-6.079823896288871765e-02
-6.899595260620117188e-02
-6.503582745790481567e-02
-6.528479605913162231e-02
-5.608620867133140564e-02
-6.551674753427505493e-02
-6.150610372424125671e-02
-6.596626341342926025e-02
-7.109289616346359253e-02
-5.593068152666091919e-02
-7.250168919563293457e-02
-6.384262442588806152e-02
-5.486376211047172546e-02
-6.480370461940765381e-02
-6.426878273487091064e-02
-6.146521121263504028e-02
-5.869457498192787170e-02
-6.216191500425338745e-02
-5.545267835259437561e-02
-6.242399662733078003e-02
-4.627730697393417358e-02
-6.044010072946548462e-02
-5.954867973923683167e-02
-5.586151033639907837e-02
-5.523516610264778137e-02
-5.277858301997184753e-02
-4.598797112703323364e-02
-4.973143711686134338e-02
-5.073476210236549377e-02
-5.141915753483772278e-02
-5.207884311676025391e-02
-5.184659734368324280e-02
-5.781801417469978333e-02
-4.927429929375648499e-02
-4.523703455924987793e-02
-5.072250962257385254e-02
-5.824357271194458008e-02
-4.560150206089019775e-02
-5.460190027952194214e-02
-5.076647549867630005e-02
-4.409340396523475647e-02
-4.497440159320831299e-02
-5.049006640911102295e-02
-5.313585698604583740e-02
-5.115512013435363770e-02
-5.915397033095359802e-02
-6.309865415096282959e-02
-4.880048707127571106e-02
-4.458003491163253784e-02
-4.503867030143737793e-02
-5.250677466392517090e-02
-4.542645812034606934e-02
-3.920423239469528198e-02
-4.879459366202354431e-02
-5.017074570059776306e-02
-4.936623573303222656e-02
-4.957432672381401062e-02
-5.389615520834922791e-02
-5.263924971222877502e-02
-3.986015543341636658e-02
-6.051637232303619385e-02
-6.092121824622154236e-02
-4.709046706557273865e-02
-4.325849935412406921e-02
-6.395806372165679932e-02
-5.752039700746536255e-02
-4.944400489330291748e-02
-3.813522309064865112e-02
-5.208625271916389465e-02
-4.681940004229545593e-02
-3.296055644750595093e-02
-4.820097982883453369e-02
-3.756448253989219666e-02
-4.988502338528633118e-02
-5.349151045083999634e-02
-4.108712077140808105e-02
-4.259062558412551880e-02
-4.102710261940956116e-02
-5.043582990765571594e-02
-4.882043600082397461e-02
-3.910465538501739502e-02
-4.785539954900741577e-02
-4.110612720251083374e-02
-5.508362874388694763e-02
-4.059072211384773254e-02
-4.595576599240303040e-02
-4.239828884601593018e-02
-4.360570758581161499e-02
-3.781020641326904297e-02
-3.944654762744903564e-02
-4.895486682653427124e-02
-4.556585475802421570e-02
-4.120575264096260071e-02
-5.125805735588073730e-02
-4.423257708549499512e-02
-4.937190189957618713e-02
-4.914443939924240112e-02
-3.804397583007812500e-02
-2.827314287424087524e-02
-2.483837679028511047e-02
-4.480640217661857605e-02
-4.497964680194854736e-02
-4.582313448190689087e-02
-5.738194659352302551e-02
-4.356362670660018921e-02
-4.771103709936141968e-02
-4.291822761297225952e-02
-3.855955600738525391e-02
-3.931405767798423767e-02
-3.838851302862167358e-02
-3.607775270938873291e-02
-5.273856222629547119e-02
-4.373252391815185547e-02
-3.956045955419540405e-02
-4.432737082242965698e-02
-4.481837525963783264e-02
-3.561214357614517212e-02
-2.703751437366008759e-02
-3.839269652962684631e-02
-3.555181995034217834e-02
-2.811888977885246277e-02
-5.511586368083953857e-02
-2.764243073761463165e-02
-4.678981006145477295e-02
-4.394015297293663025e-02
-3.577824681997299194e-02
-3.569285944104194641e-02
-2.976788207888603210e-02
-3.972735255956649780e-02
-3.245890513062477112e-02
-3.719820827245712280e-02
-4.287832230329513550e-02
-3.601998463273048401e-02
-3.849283978343009949e-02
-3.905547410249710083e-02
-2.973908931016921997e-02
-3.763796761631965637e-02
-3.388968855142593384e-02
-3.062049299478530884e-02
-3.071653097867965698e-02
-3.256308659911155701e-02
-3.828038275241851807e-02
-3.089393302798271179e-02
-3.378370404243469238e-02
-3.138667717576026917e-02
-3.155889362096786499e-02
-4.168578982353210449e-02
-2.795264311134815216e-02
-3.676980361342430115e-02
-2.633236907422542572e-02
-2.158903516829013824e-02
-2.431968599557876587e-02
-2.997569181025028229e-02
-3.661929443478584290e-02
-3.756639361381530762e-02
-2.900623343884944916e-02
-3.674384206533432007e-02
-3.588160872459411621e-02
-2.523347921669483185e-02
-2.751901187002658844e-02
-3.679630532860755920e-02
-4.233361035585403442e-02
-4.069624096155166626e-02
-3.479617834091186523e-02
-3.916995227336883545e-02
-3.047373518347740173e-02
-2.646534144878387451e-02
-3.477050364017486572e-02
-2.917902171611785889e-02
-3.343913704156875610e-02
-2.902702242136001587e-02
-3.466452658176422119e-02
-2.889072149991989136e-02
-2.737728878855705261e-02
-2.725971862673759460e-02
-3.677654266357421875e-02
-2.482360787689685822e-02
-3.837611526250839233e-02
-3.380414843559265137e-02
-2.851707115769386292e-02
-2.852710708975791931e-02
-2.799926698207855225e-02
-3.185857832431793213e-02
-2.222230099141597748e-02
-2.589075639843940735e-02
-3.258092328906059265e-02
-3.776212409138679504e-02
-3.465374559164047241e-02
-2.576298452913761139e-02
-3.110792487859725952e-02
-3.234250098466873169e-02
-2.714767307043075562e-02
-2.276990190148353577e-02
-3.134122118353843689e-02
-2.821845933794975281e-02
-3.022888302803039551e-02
-3.020738810300827026e-02
-2.130172401666641235e-02
-3.032124228775501251e-02
-2.147361263632774353e-02
-2.306644991040229797e-02
-1.869868114590644836e-02
-3.169805556535720825e-02
-3.125184774398803711e-02
-1.952658407390117645e-02
-2.138659544289112091e-02
-3.539818897843360901e-02
-3.292438760399818420e-02
-2.804616466164588928e-02
-2.272084914147853851e-02
-2.401572093367576599e-02
-1.985823921859264374e-02
-3.834987431764602661e-02
-3.034251928329467773e-02
-2.330100722610950470e-02
-2.433856576681137085e-02
-2.750152722001075745e-02
-1.729661598801612854e-02
-2.141037024557590485e-02
-1.923578605055809021e-02
-2.597262337803840637e-02
-2.713322825729846954e-02
-2.254453673958778381e-02
-2.081681229174137115e-02
-2.152193710207939148e-02
-3.187039494514465332e-02
-1.691106706857681274e-02
-2.299118787050247192e-02
-2.297794073820114136e-02
-3.264309093356132507e-02
-2.290114015340805054e-02
-2.307853102684020996e-02
-2.289170771837234497e-02
-3.464470431208610535e-02
-3.087336942553520203e-02
-2.596154436469078064e-02
-2.691031806170940399e-02
-2.428787201642990112e-02
-1.289965584874153137e-02
-1.108276844024658203e-02
-2.028145641088485718e-02
-2.369532734155654907e-02
-1.895183697342872620e-02
-1.849978603422641754e-02
-2.575432136654853821e-02
-2.414599992334842682e-02
-1.450893282890319824e-02
-3.225902467966079712e-02
-2.331738732755184174e-02
-2.135653048753738403e-02
-2.386115305125713348e-02
-2.133590355515480042e-02
-2.344831451773643494e-02
-2.385537140071392059e-02
-2.630197629332542419e-02
-2.984641306102275848e-02
-2.129815146327018738e-02
-2.331675589084625244e-02
-1.730747334659099579e-02
-2.834230661392211914e-02
-1.410281658172607422e-02
-1.584311760962009430e-02
-2.915500290691852570e-02
-1.940786652266979218e-02
-3.060840256512165070e-02
-3.600675240159034729e-02
-3.067922964692115784e-02
-2.177238278090953827e-02
-2.447057701647281647e-02
-2.688072994351387024e-02
-2.078049629926681519e-02
-2.077037468552589417e-02
-3.204207867383956909e-02
-2.189043350517749786e-02
-2.525150217115879059e-02
-2.571482211351394653e-02
-1.895946636795997620e-02
-2.151616103947162628e-02
-3.010785579681396484e-02
-2.549087442457675934e-02
-2.893194928765296936e-02
-1.953574642539024353e-02
-2.416019327938556671e-02
-2.848365530371665955e-02
-2.471174858510494232e-02
-3.026259876787662506e-02
-1.893053762614727020e-02
-2.312098443508148193e-02
-2.794071100652217865e-02
-2.542614564299583435e-02
-2.740051224827766418e-02
-2.816343121230602264e-02
-2.262479066848754883e-02
-2.403165772557258606e-02
-2.412356249988079071e-02
-2.956592664122581482e-02
-2.672301977872848511e-02
-2.596989087760448456e-02
-2.593556605279445648e-02
-2.970276586711406708e-02
-2.052693814039230347e-02
-2.786030806601047516e-02
-2.554281055927276611e-02
-2.156735956668853760e-02
-3.157813847064971924e-02
-2.538557350635528564e-02
-2.402083575725555420e-02
-3.384933620691299438e-02
-2.444752864539623260e-02
-3.253199160099029541e-02
-2.523919939994812012e-02
-1.948405243456363678e-02
-2.273522317409515381e-02
-2.163041196763515472e-02
-3.080857358872890472e-02
-2.555446699261665344e-02
-2.103565260767936707e-02
-2.954966947436332703e-02
-2.396451681852340698e-02
-2.481813356280326843e-02
-2.650811150670051575e-02
-2.616765908896923065e-02
-2.358704432845115662e-02
-2.373468130826950073e-02
-2.838957495987415314e-02
-2.118998207151889801e-02
-3.081945702433586121e-02
-2.303462103009223938e-02
-3.370601683855056763e-02
-2.945587784051895142e-02
-3.573810681700706482e-02
-2.697977982461452484e-02
-2.653826773166656494e-02
-2.898599207401275635e-02
-2.830421179533004761e-02
-2.320521324872970581e-02
-2.620985917747020721e-02
-3.503257036209106445e-02
-2.310224995017051697e-02
-2.032290399074554443e-02
-3.094983473420143127e-02
-1.348191313445568085e-02
-2.669861540198326111e-02
-2.577627822756767273e-02
-2.974526584148406982e-02
-2.584960684180259705e-02
-1.902987062931060791e-02
-2.215018495917320251e-02
-2.807277441024780273e-02
-2.083829417824745178e-02
-2.951734885573387146e-02
-2.375804260373115540e-02
-1.702700182795524597e-02
-2.222645469009876251e-02
-2.515988424420356750e-02
-1.327470131218433380e-02
-1.901804283261299133e-02
-1.937736570835113525e-02
-1.970530673861503601e-02
-2.334969863295555115e-02
-2.044243738055229187e-02
-2.970394492149353027e-02
-3.048842400312423706e-02
-2.279491163790225983e-02
-2.258257567882537842e-02
-2.368113957345485687e-02
-1.847813092172145844e-02
-2.647382579743862152e-02
-1.881891302764415741e-02
-2.371570840477943420e-02
-2.200968563556671143e-02
-2.704639174044132233e-02
-2.246144786477088928e-02
-3.448805585503578186e-02
-2.108724229037761688e-02
-2.473336644470691681e-02
-1.785612478852272034e-02
-2.152407914400100708e-02
-2.208372205495834351e-02
-1.626460254192352295e-02
-2.899547666311264038e-02
-2.137164957821369171e-02
-2.627244591712951660e-02
-3.293006494641304016e-02
-1.935677789151668549e-02
-2.199701219797134399e-02
-2.700495347380638123e-02
-2.365563437342643738e-02
-2.328934520483016968e-02
-2.048626169562339783e-02
-2.007895708084106445e-02
-2.991546317934989929e-02
-2.545309998095035553e-02
-2.221634797751903534e-02
-3.207448497414588928e-02
-2.594695240259170532e-02
-3.197994083166122437e-02
-1.624652184545993805e-02
-2.425517514348030090e-02
-2.657649293541908264e-02
-1.901843212544918060e-02
-1.893283985555171967e-02
-1.790754869580268860e-02
-2.839314565062522888e-02
-1.976895146071910858e-02
-2.862614952027797699e-02
-1.945820823311805725e-02
-2.084862999618053436e-02
-2.858672663569450378e-02
-1.768385060131549835e-02
-2.561169490218162537e-02
-3.324157372117042542e-02
-2.397321164608001709e-02
-2.399235963821411133e-02
-1.793604157865047455e-02
-1.719620451331138611e-02
-1.827435195446014404e-02
-2.245474234223365784e-02
-2.793003991246223450e-02
-1.658574119210243225e-02
-1.907626166939735413e-02
-2.120923250913619995e-02
-3.142433986067771912e-02
-1.882722973823547363e-02
-2.167196385562419891e-02
-2.119630575180053711e-02
-2.310541272163391113e-02
-2.711052820086479187e-02
-4.029739648103713989e-02
-1.998401246964931488e-02
-2.085533924400806427e-02
-2.811611257493495941e-02
-1.936802826821804047e-02
-2.949258871376514435e-02
-1.921434327960014343e-02
-1.469418033957481384e-02
-2.274894341826438904e-02
-2.745744585990905762e-02
-2.429929934442043304e-02
-1.832929439842700958e-02
-2.349825203418731689e-02
-1.344485208392143250e-02
-2.248954027891159058e-02
-2.408236637711524963e-02
-2.165737003087997437e-02
-1.743849366903305054e-02
-1.972011290490627289e-02
-3.046366944909095764e-02
-2.544744685292243958e-02
-2.470403909683227539e-02
-2.336047962307929993e-02
-2.041112817823886871e-02
-1.941916346549987793e-02
-1.763823069632053375e-02
-2.528603561222553253e-02
-2.440246008336544037e-02
-1.861626654863357544e-02
-2.386767230927944183e-02
-1.809699088335037231e-02
-2.932733669877052307e-02
-2.172613516449928284e-02
-2.344614267349243164e-02
-2.616356313228607178e-02
-2.359240315854549408e-02
-1.560735888779163361e-02
-1.974653266370296478e-02
-2.097406610846519470e-02
-1.592229120433330536e-02
-2.436436899006366730e-02
-2.360240370035171509e-02
-2.033840492367744446e-02
-2.284781076014041901e-02
-2.184567973017692566e-02
-1.594507135450839996e-02
-2.437862381339073181e-02
-2.318279631435871124e-02
-2.273861691355705261e-02
-1.699706353247165680e-02
-1.927196420729160309e-02
-2.389497868716716766e-02
-2.332007512450218201e-02
-2.517428249120712280e-02
-1.787448488175868988e-02
-1.792112924158573151e-02
-2.273124270141124725e-02
-2.237149886786937714e-02
-2.384198829531669617e-02
-2.469380199909210205e-02
-2.171972021460533142e-02
-3.266835212707519531e-02
-1.166793704032897949e-02
-3.034666925668716431e-02
-2.361999079585075378e-02
-2.326905354857444763e-02
-2.121188491582870483e-02
-2.239669486880302429e-02
-2.612297050654888153e-02
-2.472118660807609558e-02
-2.473296411335468292e-02
-3.173227608203887939e-02
-2.060665190219879150e-02
-2.616839483380317688e-02
-2.049408853054046631e-02
-3.169088810682296753e-02
-3.136152401566505432e-02
-2.678550407290458679e-02
-2.333835884928703308e-02
-2.146277949213981628e-02
-1.362552773207426071e-02
-3.118345513939857483e-02
-1.512918993830680847e-02
-2.138970047235488892e-02
-2.935815602540969849e-02
-2.220773883163928986e-02
-3.202436491847038269e-02
-2.010972052812576294e-02
-2.187367901206016541e-02
-2.442185208201408386e-02
-2.624124661087989807e-02
-1.997327432036399841e-02
-2.610842324793338776e-02
-2.189011499285697937e-02
-2.529870904982089996e-02
-1.778894662857055664e-02
-2.438173815608024597e-02
-2.344209887087345123e-02
-1.876656897366046906e-02
-1.903289556503295898e-02
-2.117239683866500854e-02
-1.900733448565006256e-02
-2.018591761589050293e-02
-2.351618930697441101e-02
-2.418913692235946655e-02
-1.737357489764690399e-02
-1.915840432047843933e-02
-1.753580570220947266e-02
-3.133642673492431641e-02
-2.248953469097614288e-02
-2.381853014230728149e-02
-1.733742468059062958e-02
-1.874781027436256409e-02
-3.884428739547729492e-02
-2.160708047449588776e-02
-1.565657928586006165e-02
-2.043776214122772217e-02
-2.395431138575077057e-02
-2.409551665186882019e-02
-2.551670186221599579e-02
-1.915119588375091553e-02
-1.919807866215705872e-02
-1.708783209323883057e-02
-2.435030043125152588e-02
-2.446489781141281128e-02
-1.944306306540966034e-02
-2.707343362271785736e-02
-2.420484274625778198e-02
-2.099299989640712738e-02
-2.240178920328617096e-02
-1.980089768767356873e-02
-1.723133772611618042e-02
-2.009042352437973022e-02
-2.620724588632583618e-02
-2.291991934180259705e-02
-2.939151227474212646e-02
-2.990259602665901184e-02
-2.672997117042541504e-02
-2.033504098653793335e-02
-2.573883906006813049e-02
-2.485911548137664795e-02
-3.111886978149414062e-02
-1.007621549069881439e-02
-1.663795113563537598e-02
-2.128995768725872040e-02
-2.197388373315334320e-02
-2.912955917418003082e-02
-1.554324012249708176e-02
-2.229580096900463104e-02
-2.009503915905952454e-02
-2.055805549025535583e-02
-2.347733080387115479e-02
-1.758455112576484680e-02
-1.963596604764461517e-02
-2.214608155190944672e-02
-1.750935241580009460e-02
-2.007316425442695618e-02
-2.497940137982368469e-02
-2.594549767673015594e-02
-1.087372563779354095e-02
-2.203930355608463287e-02
-8.769333362579345703e-03
-1.967468671500682831e-02
-2.350925840437412262e-02
-2.023402787744998932e-02
-3.130622208118438721e-02
-1.881815865635871887e-02
-2.699182555079460144e-02
-2.066193707287311554e-02
-2.009566873311996460e-02
-2.237330377101898193e-02
-1.648266986012458801e-02
-2.329480648040771484e-02
-2.113456279039382935e-02
-1.833606697618961334e-02
-1.749449968338012695e-02
-2.076932229101657867e-02
-2.254530414938926697e-02
-1.960319280624389648e-02
-2.240592241287231445e-02
-2.414969354867935181e-02
-2.160787954926490784e-02
-1.787099055945873260e-02
-1.784307137131690979e-02
-2.306015789508819580e-02
-2.735458128154277802e-02
-2.643962018191814423e-02
-2.443555556237697601e-02
-2.446339279413223267e-02
-1.748510263860225677e-02
-2.883772738277912140e-02
-2.754497341811656952e-02
-1.898729242384433746e-02
-2.094062790274620056e-02
-2.049673721194267273e-02
-2.175032161176204681e-02
-1.994866132736206055e-02
-2.323069050908088684e-02
-1.690808497369289398e-02
-3.318757191300392151e-02
-2.326507121324539185e-02
-2.191261947154998779e-02
-2.036256715655326843e-02
-2.119047194719314575e-02
-1.778880879282951355e-02
-3.053829818964004517e-02
-2.524557709693908691e-02
-1.968903467059135437e-02
-2.223362587392330170e-02
-2.552847750484943390e-02
-2.210871875286102295e-02
-2.108472026884555817e-02
-1.862849481403827667e-02
-1.745557412505149841e-02
-1.763170398771762848e-02
-2.085866965353488922e-02
-2.348930947482585907e-02
-1.446033269166946411e-02
-2.068185433745384216e-02
-2.620316855609416962e-02
-2.865790389478206635e-02
-2.112427912652492523e-02
-2.600573003292083740e-02
-2.276303991675376892e-02
-2.435882948338985443e-02
-1.763687096536159515e-02
-2.777189761400222778e-02
-2.274537645280361176e-02
-2.604671753942966461e-02
-1.829484850168228149e-02
-1.730581745505332947e-02
-1.916352845728397369e-02
-2.835639007389545441e-02
-2.541973255574703217e-02
-1.901447027921676636e-02
-2.781177684664726257e-02
-1.783489808440208435e-02
-3.292099386453628540e-02
-1.998383924365043640e-02
-1.880464889109134674e-02
-2.365269511938095093e-02
-3.461927920579910278e-02
-1.476342324167490005e-02
-1.915199309587478638e-02
-1.399277616292238235e-02
-2.058723941445350647e-02
-2.108523249626159668e-02
-2.040732838213443756e-02
-2.284977957606315613e-02
-1.975020393729209900e-02
-1.673061586916446686e-02
-2.016121894121170044e-02
-2.166184037923812866e-02
-2.522665821015834808e-02
-2.291741222143173218e-02
-2.149770781397819519e-02
-2.818189002573490143e-02
-1.996884308755397797e-02
-1.953717693686485291e-02
-1.070641446858644485e-02
-1.155157200992107391e-02
-2.554504573345184326e-02
-2.034572884440422058e-02
-2.083310484886169434e-02
-1.315752323716878891e-02
-2.155919373035430908e-02
-1.302836183458566666e-02
-2.636137977242469788e-02
-3.677833452820777893e-02
-2.157261595129966736e-02
-3.259855508804321289e-02
-2.057471685111522675e-02
-1.839397847652435303e-02
-1.886288821697235107e-02
-2.431890927255153656e-02
-2.606420405209064484e-02
-1.749299839138984680e-02
-1.931834965944290161e-02
-2.624773979187011719e-02
-2.092282101511955261e-02
-1.388227567076683044e-02
-2.225203998386859894e-02
-1.962767168879508972e-02
-2.179379016160964966e-02
-1.665372401475906372e-02
-1.309187524020671844e-02
-2.466368302702903748e-02
-2.222939953207969666e-02
-3.008916042745113373e-02
-2.284343540668487549e-02
-1.476351730525493622e-02
-2.961095422506332397e-02
-2.368083409965038300e-02
-1.266918331384658813e-02
-2.565208636224269867e-02
-2.215222269296646118e-02
-2.788534201681613922e-02
-1.407533325254917145e-02
-2.349387109279632568e-02
-1.406790409237146378e-02
-1.963028125464916229e-02
-2.023188583552837372e-02
-1.675828918814659119e-02
-1.459607109427452087e-02
-1.721966639161109924e-02
-2.383046969771385193e-02
-3.163279220461845398e-02
-1.778020150959491730e-02
-1.712259836494922638e-02
-2.230286784470081329e-02
-1.917807385325431824e-02
-1.218483597040176392e-02
-1.788060180842876434e-02
-1.993582025170326233e-02
-1.161878742277622223e-02
-1.975883543491363525e-02
-1.955183967947959900e-02
-2.089480683207511902e-02
-2.533105388283729553e-02
-3.412171453237533569e-02
-1.360357180237770081e-02
-1.347622461616992950e-02
-1.928852312266826630e-02
-1.722359471023082733e-02
-2.229101955890655518e-02
-1.708781160414218903e-02
-2.322600223124027252e-02
-2.438609302043914795e-02
-1.918444037437438965e-02
-1.411449536681175232e-02
-2.147321030497550964e-02
-2.144674584269523621e-02
-1.498655136674642563e-02
-2.227827534079551697e-02
-2.011252194643020630e-02
-2.147586271166801453e-02
-3.242704272270202637e-02
-1.802250370383262634e-02
-1.935685053467750549e-02
-1.132861338555812836e-02
-2.133747190237045288e-02
-2.438154816627502441e-02
-2.748310379683971405e-02
-1.987046189606189728e-02
-1.739949546754360199e-02
-1.829667948186397552e-02
-1.136209350079298019e-02
-1.942924037575721741e-02
-2.116317301988601685e-02
-1.671742275357246399e-02
-1.681928336620330811e-02
-2.178378030657768250e-02
-1.500950660556554794e-02
-1.218854542821645737e-02
-1.908354274928569794e-02
-2.175623923540115356e-02
-9.768976829946041107e-03
-2.269830554723739624e-02
-2.046632021665573120e-02
-8.615278638899326324e-03
-1.734114810824394226e-02
-2.276504784822463989e-02
-1.906128227710723877e-02
-1.873026415705680847e-02
-2.075719647109508514e-02
-1.000243518501520157e-02
-1.343457214534282684e-02
-2.130449935793876648e-02
-1.883179880678653717e-02
-1.724611967802047729e-02
-1.639222353696823120e-02
-9.375321678817272186e-03
-2.299331501126289368e-02
-1.743475720286369324e-02
-2.176175080239772797e-02
-1.759392023086547852e-02
-2.250126935541629791e-02
-2.450492978096008301e-02
-1.996430195868015289e-02
-2.770229242742061615e-02
-9.980099275708198547e-03
-1.667287573218345642e-02
-1.993015035986900330e-02
-2.071197703480720520e-02
-1.596116460859775543e-02
-1.893309503793716431e-02
-2.095215953886508942e-02
-2.170488610863685608e-02
-2.137558721005916595e-02
-1.570461690425872803e-02
-1.324309594929218292e-02
-2.197740040719509125e-02
-2.247338369488716125e-02
-3.428162634372711182e-02
-1.978335902094841003e-02
-1.632183417677879333e-02
-1.467331219464540482e-02
-1.788933947682380676e-02
-1.928069442510604858e-02
-1.869421079754829407e-02
-2.082601003348827362e-02
-1.810486800968647003e-02
-2.170903235673904419e-02
-1.958743669092655182e-02
-1.920195110142230988e-02
-1.808594539761543274e-02
-1.534757483750581741e-02
-7.005404680967330933e-03
-2.586994692683219910e-02
-2.107330225408077240e-02
-1.894545741379261017e-02
-1.806716062128543854e-02
-1.441487483680248260e-02
-1.753864251077175140e-02
-2.151016332209110260e-02
-1.536521688103675842e-02
-1.955986022949218750e-02
-2.099857106804847717e-02
-2.267954684793949127e-02
-1.090323086827993393e-02
-1.581496931612491608e-02
-1.638239994645118713e-02
-1.536695472896099091e-02
-1.778897456824779510e-02
-1.776079460978507996e-02
-1.734925806522369385e-02
-2.386156469583511353e-02
-1.675061509013175964e-02
-1.773443631827831268e-02
-2.443876862525939941e-02
-1.570671796798706055e-02
-1.943823322653770447e-02
-2.088706567883491516e-02
-1.733628101646900177e-02
-1.887223497033119202e-02
-1.912156865000724792e-02
-1.992241665720939636e-02
-1.329612266272306442e-02
-1.992849260568618774e-02
-2.067010104656219482e-02
-1.572434231638908386e-02
-2.655610069632530212e-02
-1.959278807044029236e-02
-2.959500066936016083e-02
-9.817488491535186768e-03
-2.049645781517028809e-02
-1.452080346643924713e-02
-1.392618007957935333e-02
-1.884863153100013733e-02
-1.501498743891716003e-02
-1.576576754450798035e-02
-1.614851318299770355e-02
-1.106404699385166168e-02
-1.853550970554351807e-02
-1.816873997449874878e-02
-1.798409596085548401e-02
-2.217952534556388855e-02
-2.094983123242855072e-02
-1.862118206918239594e-02
-6.629040464758872986e-03
-1.950201950967311859e-02
-1.705828122794628143e-02
-1.750033721327781677e-02
-1.505230180919170380e-02
-1.785635761916637421e-02
-1.989223621785640717e-02
-1.425721216946840286e-02
-1.856935769319534302e-02
-1.638487353920936584e-02
-1.996213011443614960e-02
-1.797086931765079498e-02
-2.269338816404342651e-02
-2.294477261602878571e-02
-1.589913666248321533e-02
-2.150538191199302673e-02
-2.001799084246158600e-02
-1.255341153591871262e-02
-2.039877697825431824e-02
-1.755059882998466492e-02
-1.440183445811271667e-02
-1.665605232119560242e-02
-1.981146819889545441e-02
-1.179858297109603882e-02
-1.776137016713619232e-02
-2.530875615775585175e-02
-2.019887231290340424e-02
-1.982833072543144226e-02
-2.077399566769599915e-02
-1.395527087152004242e-02
-1.886446028947830200e-02
-2.674403972923755646e-02
-2.088244631886482239e-02
-1.701473444700241089e-02
-2.086320519447326660e-02
-2.354636415839195251e-02
-2.443514391779899597e-02
-2.527592889964580536e-02
-1.128086913377046585e-02
-2.147893793880939484e-02
-1.725835353136062622e-02
-1.414970215409994125e-02
-1.672686263918876648e-02
-1.223232783377170563e-02
-1.915305107831954956e-02
-1.952927373349666595e-02
-1.466140244156122208e-02
-1.453337352722883224e-02
-1.731830835342407227e-02
-1.643723621964454651e-02
-1.544287800788879395e-02
-2.761172689497470856e-02
-1.337749697268009186e-02
-2.175502106547355652e-02
-2.664278820157051086e-02
-2.028923109173774719e-02
-1.763933897018432617e-02
-2.464471384882926941e-02
-2.513901516795158386e-02
-1.612373068928718567e-02
-1.479333918541669846e-02
-2.170698903501033783e-02
-2.208371460437774658e-02
-2.002725750207901001e-02
-1.984266750514507294e-02
-1.247681118547916412e-02
-1.713269948959350586e-02
-1.883724145591259003e-02
-1.986212655901908875e-02
-2.095529623329639435e-02
-1.965064927935600281e-02
-2.248032391071319580e-02
-1.737455837428569794e-02
-2.331173792481422424e-02
-9.523360058665275574e-03
-2.121932432055473328e-02
-1.682618260383605957e-02
-2.387669496238231659e-02
-1.277274452149868011e-02
-2.113104984164237976e-02
-2.737619355320930481e-02
-2.269816398620605469e-02
-6.624780595302581787e-03
-1.191133260726928711e-02
-1.914034783840179443e-02
-2.117544412612915039e-02
-1.964522153139114380e-02
-1.743299327790737152e-02
-1.980126276612281799e-02
-2.178701013326644897e-02
-1.434823311865329742e-02
