1.284849736839532852e-02
9.083592332899570465e-03
-3.708270844072103500e-03
4.686206113547086716e-03
1.806209236383438110e-02
1.506383158266544342e-02
1.914834976196289062e-02
4.365816712379455566e-02
3.021934255957603455e-02
1.652259938418865204e-02
-1.360799558460712433e-02
-2.064102888107299805e-02
-3.041360061615705490e-03
-1.328463782556355000e-03
-2.133451402187347412e-02
-1.184379123151302338e-02
-2.766608446836471558e-02
-8.050044998526573181e-03
1.872854121029376984e-02
3.178925812244415283e-02
2.346589043736457825e-02
1.475412584841251373e-02
3.984607756137847900e-03
1.306343637406826019e-02
-5.971791688352823257e-03
1.461157295852899551e-02
7.511227391660213470e-03
8.263166993856430054e-03
6.780491210520267487e-03
1.978493854403495789e-02
4.798745503649115562e-04
1.184895262122154236e-02
2.104117721319198608e-02
1.908391714096069336e-02
1.248761638998985291e-02
1.047758758068084717e-02
1.729067042469978333e-02
1.302122324705123901e-02
8.176864124834537506e-03
-8.418055251240730286e-03
3.946262877434492111e-03
-1.281819865107536316e-02
1.883706450462341309e-02
5.371689330786466599e-03
5.396176595240831375e-03
-1.546844653785228729e-02
1.641230657696723938e-02
2.579884976148605347e-02
1.610581949353218079e-02
3.668491030111908913e-03
1.740655628964304924e-03
9.430782869458198547e-03
1.614864915609359741e-02
6.584204733371734619e-03
-1.227915659546852112e-02
7.233773358166217804e-03
-1.123982947319746017e-02
-7.036775350570678711e-04
3.555307164788246155e-03
-7.162410765886306763e-03
4.612536169588565826e-03
1.027600280940532684e-02
2.524008415639400482e-02
-8.306266739964485168e-03
1.089103985577821732e-02
3.179457271471619606e-04
8.818816393613815308e-03
1.987288519740104675e-02
-6.531701423227787018e-03
1.289642602205276489e-02
-3.669760189950466156e-03
1.652433723211288452e-02
8.934114128351211548e-03
-6.328946910798549652e-03
-4.080076236277818680e-03
-1.710469601675868034e-03
-1.175185851752758026e-02
-4.988183733075857162e-03
1.067040953785181046e-02
1.604127511382102966e-02
1.495088916271924973e-03
-1.018024282529950142e-03
3.058767644688487053e-03
1.558743696659803391e-02
2.136143110692501068e-02
1.355456095188856125e-02
1.311217155307531357e-02
-4.375418648123741150e-03
-4.807481542229652405e-03
-5.103772506117820740e-03
9.608758613467216492e-03
-1.774123497307300568e-02
-1.460055820643901825e-02
-1.683736918494105339e-04
3.383313491940498352e-02
2.629784494638442993e-02
-8.102841675281524658e-03
-5.374658852815628052e-03
-4.619796760380268097e-03
-4.925538785755634308e-03
7.970673963427543640e-03
-1.002709614112973213e-03
1.585069810971617699e-03
2.161858230829238892e-02
1.720267161726951599e-02
-1.661449484527111053e-02
1.618109759874641895e-03
1.202768459916114807e-02
1.981370151042938232e-02
-1.273467577993869781e-02
-4.277142230421304703e-03
1.988537795841693878e-02
4.675348754972219467e-03
-8.839467773213982582e-04
-1.984308939427137375e-03
-7.811394752934575081e-04
1.391585916280746460e-02
2.813105937093496323e-03
-2.156561613082885742e-02
2.537713944911956787e-02
-1.044269418343901634e-03
-8.957356214523315430e-03
1.379427686333656311e-02
-1.103332825005054474e-02
1.181511115282773972e-02
2.177301328629255295e-03
4.102783277630805969e-03
2.176940627396106720e-02
-9.032018482685089111e-03
2.233329229056835175e-02
-5.933835171163082123e-03
1.951779797673225403e-02
-1.039732154458761215e-02
1.508193556219339371e-02
-1.036921748891472816e-04
1.884680613875389099e-02
-1.764120301231741905e-03
1.033583469688892365e-02
1.193112879991531372e-02
-1.018516812473535538e-02
-3.272002330049872398e-03
-3.391943406313657761e-03
3.678057342767715454e-02
-2.513616578653454781e-03
6.922403117641806602e-04
-2.891974058002233505e-03
2.627300471067428589e-02
2.285447902977466583e-02
8.679624646902084351e-03
-1.559406518936157227e-02
-1.373613812029361725e-02
2.337503433227539062e-02
1.060109958052635193e-02
-9.813785552978515625e-03
-2.621478866785764694e-03
1.620573364198207855e-02
1.944205537438392639e-02
-1.954742707312107086e-03
-1.548323594033718109e-02
-5.496848374605178833e-03
1.844862475991249084e-02
1.335398107767105103e-02
-5.027398001402616501e-03
-3.165524452924728394e-03
-6.392318289726972580e-03
1.416610903106629848e-03
1.023721136152744293e-02
2.975985966622829437e-02
2.177134156227111816e-02
-8.257486857473850250e-03
-1.028547622263431549e-02
-6.749338470399379730e-03
4.762900993227958679e-03
-1.147289201617240906e-02
-8.282255381345748901e-03
6.886157207190990448e-03
1.314653269946575165e-02
2.084077149629592896e-02
1.589772850275039673e-02
3.340902924537658691e-02
1.445155311375856400e-02
1.848120056092739105e-02
1.965223997831344604e-02
2.679199725389480591e-02
1.290142070502042770e-02
3.174185287207365036e-03
-5.599162541329860687e-03
1.313801947981119156e-02
-8.085234090685844421e-03
-3.185383975505828857e-03
-2.049607038497924805e-02
-4.072682000696659088e-03
1.639037276618182659e-03
2.659414336085319519e-02
3.935346007347106934e-02
9.226894006133079529e-03
-4.130891989916563034e-03
-2.413700334727764130e-03
-4.861741326749324799e-03
1.140491757541894913e-02
1.734501868486404419e-02
3.020427934825420380e-02
2.491447702050209045e-02
1.932089217007160187e-04
-5.770929623395204544e-03
-4.714365117251873016e-03
2.185588330030441284e-02
2.475575311109423637e-03
-1.193580217659473419e-02
2.205484174191951752e-02
1.720898598432540894e-02
1.207456178963184357e-02
-5.858715157955884933e-03
1.261551748029887676e-03
1.933860778808593750e-02
2.563462127000093460e-03
7.905861129984259605e-04
3.003380727022886276e-03
2.679244056344032288e-02
-5.040506366640329361e-03
-7.580495905131101608e-03
2.229920588433742523e-02
1.669826568104326725e-03
-1.474937051534652710e-02
1.441392768174409866e-02
-6.749583408236503601e-04
3.903890494257211685e-03
3.339984267950057983e-02
-4.995325580239295959e-03
3.680393099784851074e-03
1.434431504458189011e-02
-1.749178022146224976e-02
9.775804355740547180e-03
-4.407554399222135544e-03
1.375412568449974060e-02
2.058922871947288513e-02
-2.007169183343648911e-03
2.174212411046028137e-02
-1.245824806392192841e-02
1.069366000592708588e-02
1.223765220493078232e-02
-3.247745102271437645e-03
1.374759990721940994e-02
-1.635181158781051636e-02
1.303317584097385406e-02
-2.599633298814296722e-03
2.277382090687751770e-02
-5.882198922336101532e-03
1.252986397594213486e-02
-6.707495544105768204e-03
1.872300729155540466e-02
-8.508136495947837830e-03
1.187951676547527313e-02
4.931937437504529953e-04
1.037829555571079254e-02
1.789154601283371449e-03
1.020803116261959076e-02
4.028839990496635437e-03
1.841236650943756104e-02
-4.628211259841918945e-03
1.920067891478538513e-02
-2.037046663463115692e-02
1.340143010020256042e-02
-8.334628306329250336e-03
1.026064064353704453e-02
7.039097836241126060e-04
3.012543311342597008e-03
1.942621427588164806e-03
9.905374608933925629e-04
1.910889893770217896e-02
-8.607806637883186340e-03
9.445836767554283142e-03
1.911655766889452934e-03
1.279791258275508881e-02
7.472700439393520355e-03
8.403232321143150330e-03
1.990463584661483765e-02
-4.342128988355398178e-03
6.246628239750862122e-03
1.370903104543685913e-02
-8.853301405906677246e-03
2.067422866821289062e-02
-1.307540456764400005e-03
5.312670255079865456e-04
2.559325098991394043e-02
-8.004760369658470154e-03
1.184209436178207397e-02
2.123512513935565948e-02
1.678945310413837433e-02
2.438760548830032349e-02
1.563364267349243164e-02
1.985788345336914062e-02
1.588140800595283508e-02
2.055187523365020752e-02
1.975776441395282745e-02
3.702525794506072998e-02
-7.925269892439246178e-05
3.535640239715576172e-02
8.038064464926719666e-03
2.486714348196983337e-02
3.062302991747856140e-02
1.954966969788074493e-02
2.589995786547660828e-02
2.461687661707401276e-02
1.585008576512336731e-02
1.862816698849201202e-02
1.993026770651340485e-02
3.741557896137237549e-02
2.383576333522796631e-02
1.610384881496429443e-02
2.129409089684486389e-02
4.147454351186752319e-02
8.888319134712219238e-03
2.649230137467384338e-02
3.027843683958053589e-02
1.582880318164825439e-02
1.092884968966245651e-02
2.970713563263416290e-02
3.117882832884788513e-02
3.108809329569339752e-02
2.707276307046413422e-02
1.988098397850990295e-02
2.192775905132293701e-02
3.891241922974586487e-02
1.838444173336029053e-02
2.633702382445335388e-02
2.498239278793334961e-02
3.476874157786369324e-02
3.388859331607818604e-02
2.893810346722602844e-02
3.364164009690284729e-02
3.306296840310096741e-02
3.079794906079769135e-02
3.065490722656250000e-02
3.432523086667060852e-02
2.691877447068691254e-02
4.977602511644363403e-02
3.294649720191955566e-02
3.065077587962150574e-02
3.154653683304786682e-02
4.749004170298576355e-02
4.452452808618545532e-02
3.487778827548027039e-02
3.131604194641113281e-02
1.733173429965972900e-02
3.598565235733985901e-02
4.055699706077575684e-02
3.821924328804016113e-02
3.292375057935714722e-02
2.195219881832599640e-02
3.052563592791557312e-02
2.987846173346042633e-02
3.937172517180442810e-02
4.019437357783317566e-02
3.859497979283332825e-02
2.139586582779884338e-02
3.616437315940856934e-02
2.558097429573535919e-02
4.210964217782020569e-02
4.261462390422821045e-02
3.094832226634025574e-02
4.040034115314483643e-02
4.778238013386726379e-02
3.110860101878643036e-02
2.821379899978637695e-02
3.514743596315383911e-02
4.038686305284500122e-02
3.788102790713310242e-02
2.628056146204471588e-02
3.200292959809303284e-02
2.364985831081867218e-02
3.784653916954994202e-02
4.433482885360717773e-02
2.299581095576286316e-02
3.315382450819015503e-02
3.092433139681816101e-02
2.887325547635555267e-02
3.403400629758834839e-02
3.548400104045867920e-02
3.733689710497856140e-02
2.012008614838123322e-02
5.136867985129356384e-02
4.652892798185348511e-02
2.400870993733406067e-02
4.403274506330490112e-02
3.579109162092208862e-02
4.963313788175582886e-02
3.210078924894332886e-02
2.515667304396629333e-02
3.074825741350650787e-02
3.381685167551040649e-02
3.013780899345874786e-02
2.532738447189331055e-02
3.493523225188255310e-02
2.148979902267456055e-02
4.922102391719818115e-02
2.434809133410453796e-02
2.915750443935394287e-02
3.542125225067138672e-02
3.457119315862655640e-02
4.179148748517036438e-02
2.678650058805942535e-02
3.130447119474411011e-02
3.167680650949478149e-02
4.192344099283218384e-02
4.188953340053558350e-02
3.936631232500076294e-02
3.704537451267242432e-02
4.193054512143135071e-02
3.905210644006729126e-02
3.537884354591369629e-02
4.440667480230331421e-02
4.356025904417037964e-02
3.676953911781311035e-02
2.655628696084022522e-02
2.976902760565280914e-02
3.545859456062316895e-02
4.057516157627105713e-02
4.348849132657051086e-02
3.537859022617340088e-02
3.428226336836814880e-02
3.495487570762634277e-02
4.131010174751281738e-02
4.760098084807395935e-02
3.061950206756591797e-02
3.462413698434829712e-02
2.689778059720993042e-02
3.394915536046028137e-02
4.020573198795318604e-02
3.819746524095535278e-02
4.090756922960281372e-02
4.235330969095230103e-02
3.752677887678146362e-02
3.490303456783294678e-02
4.420251771807670593e-02
3.577283024787902832e-02
3.169697523117065430e-02
4.298943281173706055e-02
2.642028406262397766e-02
3.310833871364593506e-02
3.862471133470535278e-02
3.130012378096580505e-02
3.382697701454162598e-02
3.665513917803764343e-02
4.140692576766014099e-02
4.890271648764610291e-02
3.307348489761352539e-02
3.508049622178077698e-02
2.315478399395942688e-02
3.684936463832855225e-02
3.274020552635192871e-02
2.714131399989128113e-02
3.964879363775253296e-02
3.588363528251647949e-02
4.420533776283264160e-02
3.166997432708740234e-02
4.676198214292526245e-02
4.372220486402511597e-02
3.657371550798416138e-02
2.714738622307777405e-02
3.476707637310028076e-02
3.298212215304374695e-02
3.404651582241058350e-02
2.439370378851890564e-02
1.589892245829105377e-02
1.900581456720829010e-02
3.227045387029647827e-02
3.125589340925216675e-02
3.901685029268264771e-02
3.728170320391654968e-02
3.663638979196548462e-02
3.744857758283615112e-02
4.109094664454460144e-02
3.071123734116554260e-02
3.849329426884651184e-02
2.516318112611770630e-02
2.931280992925167084e-02
4.268848896026611328e-02
3.647551685571670532e-02
3.760875016450881958e-02
4.090792685747146606e-02
3.141643106937408447e-02
3.136513009667396545e-02
3.679460287094116211e-02
3.351576253771781921e-02
3.498668968677520752e-02
2.354147844016551971e-02
2.347570285201072693e-02
3.523711487650871277e-02
3.223394602537155151e-02
2.754539996385574341e-02
2.640813402831554413e-02
2.600437588989734650e-02
2.840458229184150696e-02
2.146974951028823853e-02
1.061231642961502075e-02
2.795447409152984619e-02
8.319626562297344208e-03
4.201615229249000549e-03
1.883003488183021545e-02
6.469912827014923096e-03
2.174921147525310516e-02
7.059632334858179092e-03
6.041457876563072205e-03
1.367623545229434967e-02
8.015250787138938904e-03
1.165106333792209625e-02
6.070214323699474335e-03
1.625350490212440491e-02
1.551090274006128311e-03
2.662372775375843048e-03
5.420230329036712646e-03
-7.513122633099555969e-03
5.094835069030523300e-03
7.992299273610115051e-03
2.230205573141574860e-03
5.962314084172248840e-03
6.991076748818159103e-03
3.365378594025969505e-03
8.790588006377220154e-03
2.560224756598472595e-02
5.231838673353195190e-03
3.035238245502114296e-03
-4.289007745683193207e-03
6.400446407496929169e-03
8.571874350309371948e-03
3.217319957911968231e-03
5.765394773334264755e-03
1.846325024962425232e-02
1.420018821954727173e-02
2.596299629658460617e-03
1.149689126759767532e-02
4.029052797704935074e-03
-1.021767500787973404e-03
8.233882486820220947e-03
4.269432276487350464e-03
9.242921136319637299e-03
-4.470075480639934540e-03
9.872054681181907654e-03
4.309460055083036423e-04
7.802250795066356659e-03
1.593449711799621582e-02
1.043786108493804932e-02
7.928184233605861664e-03
8.188257925212383270e-04
1.098849251866340637e-02
-1.760467421263456345e-03
3.497025463730096817e-03
8.707141503691673279e-03
3.920818679034709930e-03
1.787161827087402344e-02
1.567122898995876312e-02
-5.332050845026969910e-03
1.192496530711650848e-02
3.872659523040056229e-03
1.108089741319417953e-02
-9.252539835870265961e-03
8.074238430708646774e-04
7.698607631027698517e-03
1.493575423955917358e-02
5.441725254058837891e-03
-6.429513916373252869e-03
-6.529549136757850647e-03
1.445023715496063232e-02
1.108097378164529800e-03
-6.355983670800924301e-03
-5.858053453266620636e-03
9.840454906225204468e-03
1.710141822695732117e-02
1.343022566288709641e-03
-5.270569585263729095e-03
-4.490839783102273941e-04
1.749272923916578293e-03
1.182390376925468445e-03
-7.909840904176235199e-03
2.420552540570497513e-03
5.867510335519909859e-04
1.455664634704589844e-03
-1.614105887711048126e-03
1.691874116659164429e-02
1.635153964161872864e-02
3.410948556847870350e-04
1.148576941341161728e-02
4.174877889454364777e-03
8.094712160527706146e-03
1.582657545804977417e-02
1.656512171030044556e-02
4.578918218612670898e-03
4.899809602648019791e-03
1.213772688060998917e-02
3.250930458307266235e-02
2.436769008636474609e-02
5.929252132773399353e-03
1.162120327353477478e-02
1.027997769415378571e-02
8.773073554039001465e-03
-8.268745150417089462e-04
6.696651224046945572e-03
1.427717786282300949e-02
2.048533782362937927e-02
1.454819180071353912e-02
4.404777195304632187e-03
1.204151660203933716e-02
2.707428485155105591e-02
6.444253958761692047e-03
-3.153849625959992409e-03
-5.055414512753486633e-03
2.157549746334552765e-02
3.135537728667259216e-03
1.200994383543729782e-02
1.118618622422218323e-02
1.100089959800243378e-02
1.274203043431043625e-02
3.790941787883639336e-03
-8.749498054385185242e-03
1.651709666475653648e-03
3.380156820639967918e-03
1.005314290523529053e-02
-1.964687136933207512e-03
8.919240906834602356e-03
-6.612133700400590897e-03
-1.378096407279372215e-03
1.692342758178710938e-02
1.363388448953628540e-02
1.570079475641250610e-02
-5.375886801630258560e-03
-2.273325342684984207e-03
1.730648800730705261e-04
-8.278458844870328903e-04
5.420624278485774994e-03
-4.505635239183902740e-03
-3.862452926114201546e-03
1.189582701772451401e-02
6.437520496547222137e-03
3.060948802158236504e-03
-3.551869653165340424e-03
-1.953470986336469650e-03
3.068902995437383652e-03
2.227825578302145004e-03
-4.110266920179128647e-03
3.128007519990205765e-03
1.377800013870000839e-02
1.012978609651327133e-02
6.054475903511047363e-03
9.422469884157180786e-04
1.574168913066387177e-03
8.831194136291742325e-04
7.726402953267097473e-03
-6.913939723744988441e-04
1.495923032052814960e-03
3.791118040680885315e-03
-1.926184631884098053e-03
6.287264171987771988e-03
4.287043120712041855e-03
7.508846465498209000e-03
1.771946623921394348e-02
9.349102154374122620e-03
7.019932381808757782e-03
-4.778431728482246399e-03
4.411190282553434372e-03
-1.162761356681585312e-03
1.147755794227123260e-02
1.014852523803710938e-02
-5.356330424547195435e-03
1.503083761781454086e-02
1.055675279349088669e-02
1.090749725699424744e-02
-4.427540116012096405e-03
9.615558665245771408e-04
7.493286393582820892e-03
1.211812347173690796e-02
6.661257240921258926e-03
1.237719133496284485e-02
1.251823152415454388e-03
-3.963708411902189255e-03
-5.061820149421691895e-03
1.229354925453662872e-02
3.635357134044170380e-03
2.025626134127378464e-03
-2.361401915550231934e-03
-6.713580340147018433e-03
-4.639350343495607376e-03
1.598158385604619980e-03
-3.719984553754329681e-03
-2.145488047972321510e-03
-4.418408963829278946e-03
-2.268397714942693710e-03
3.772730939090251923e-03
2.899000421166419983e-02
1.553243398666381836e-02
7.830542512238025665e-03
1.393407210707664490e-02
8.591834921389818192e-05
3.675553947687149048e-03
5.921461153775453568e-03
2.457976806908845901e-04
-1.911602099426090717e-03
1.034645549952983856e-02
5.970705300569534302e-03
-2.304678782820701599e-03
1.129998266696929932e-02
8.353088051080703735e-03
1.878793165087699890e-02
1.569074206054210663e-02
6.334441248327493668e-03
3.870966844260692596e-03
5.689090117812156677e-03
1.555666513741016388e-02
-6.145571824163198471e-03
5.632937420159578323e-03
-4.150520078837871552e-03
1.264988537877798080e-02
2.019692910835146904e-03
-3.264610888436436653e-03
2.873934805393218994e-03
6.234607193619012833e-03
-6.013171747326850891e-03
9.119117632508277893e-03
1.452839002013206482e-02
6.118616554886102676e-03
2.009887248277664185e-02
1.232259441167116165e-02
1.005869172513484955e-02
8.385107852518558502e-03
4.170322790741920471e-03
1.710160262882709503e-02
-5.710147786885499954e-03
1.086623966693878174e-02
-5.700632929801940918e-03
7.034691516309976578e-04
-8.426154381595551968e-04
5.939790047705173492e-03
1.149631850421428680e-02
9.945183992385864258e-03
-2.923468127846717834e-03
-6.728536449372768402e-03
2.494626678526401520e-03
1.873745582997798920e-03
-6.894106045365333557e-04
5.535661242902278900e-03
1.159619074314832687e-03
2.083313837647438049e-02
7.800105959177017212e-03
-5.874844267964363098e-03
-4.264524206519126892e-03
1.605657394975423813e-03
3.059744834899902344e-03
8.745025843381881714e-03
-3.792937379330396652e-03
-4.217684268951416016e-03
-1.927860081195831299e-03
4.119148477911949158e-03
-4.570356104522943497e-03
-5.649357568472623825e-03
-1.118013449013233185e-02
4.294644575566053391e-03
2.883206587284803391e-03
3.430024022236466408e-03
4.912697244435548782e-03
2.656082389876246452e-03
-5.362881347537040710e-05
-1.300061354413628578e-03
-4.413841292262077332e-03
1.023684511892497540e-03
-3.426220268011093140e-03
6.360247731208801270e-03
-3.102012211456894875e-03
8.107319474220275879e-03
2.297522500157356262e-03
3.577144816517829895e-04
-3.293696790933609009e-03
-2.450805157423019409e-03
-1.239185221493244171e-03
-5.863604601472616196e-03
4.047628492116928101e-03
5.382790230214595795e-03
1.484477333724498749e-02
6.555979140102863312e-03
1.310149766504764557e-02
5.699793808162212372e-03
3.539651632308959961e-03
6.353706121444702148e-03
-2.212386112660169601e-03
9.802645072340965271e-03
1.636123051866889000e-03
1.720824395306408405e-03
-2.137879608199000359e-03
-3.648077603429555893e-03
4.808179568499326706e-03
-6.164189428091049194e-03
-7.164902053773403168e-04
-1.919025089591741562e-05
2.793271793052554131e-03
3.255668561905622482e-03
2.290593460202217102e-03
-8.329827338457107544e-03
5.818346515297889709e-03
5.866313353180885315e-03
1.134290918707847595e-02
2.044963883236050606e-03
9.192347526550292969e-03
9.289314039051532745e-03
1.035454496741294861e-02
6.709228735417127609e-03
1.096688490360975266e-02
1.128849294036626816e-02
6.310586817562580109e-03
-2.476063324138522148e-03
-1.195779535919427872e-03
1.844293670728802681e-03
4.998479504138231277e-03
6.770105101168155670e-03
8.727500680834054947e-04
3.655567998066544533e-03
6.719609722495079041e-03
-2.373024355620145798e-03
-5.041845142841339111e-04
6.103122141212224960e-03
1.052630040794610977e-02
1.198763865977525711e-02
6.666633766144514084e-03
1.731051132082939148e-03
1.094076968729496002e-02
1.322081661783158779e-03
1.667445758357644081e-04
4.482046933844685555e-04
2.272913465276360512e-03
-1.724906032904982567e-03
-2.661388833075761795e-03
6.366225890815258026e-03
-9.125465527176856995e-03
5.745649337768554688e-03
5.015183240175247192e-03
1.429796870797872543e-02
-3.488708753138780594e-03
6.206855177879333496e-04
1.007860805839300156e-02
8.925900794565677643e-03
1.018484006635844707e-03
4.426380619406700134e-03
-2.927409019321203232e-03
3.787990426644682884e-04
7.178731728345155716e-03
4.696975462138652802e-03
4.438119940459728241e-03
-3.540172707289457321e-03
4.690078087151050568e-03
-3.640274051576852798e-03
-5.044099409133195877e-03
1.220703311264514923e-02
1.974142855033278465e-03
5.756889469921588898e-03
1.684670802205801010e-03
6.424332968890666962e-03
4.856331739574670792e-03
7.355429697781801224e-03
6.867782212793827057e-03
-3.737068735063076019e-03
2.166230976581573486e-02
3.196457633748650551e-03
-4.583259578794240952e-04
-4.783952608704566956e-03
-7.548075169324874878e-03
2.828775905072689056e-05
9.286235086619853973e-03
-7.989097386598587036e-03
2.893786877393722534e-04
1.669596182182431221e-03
-4.905216395854949951e-03
3.533765673637390137e-03
3.081543371081352234e-03
7.017010822892189026e-03
4.355945158749818802e-03
1.318664476275444031e-02
3.372748382389545441e-03
-2.485235687345266342e-03
-2.169697545468807220e-04
1.305570639669895172e-02
5.803645588457584381e-03
8.258909918367862701e-03
-3.945399541407823563e-03
-6.651508156210184097e-03
4.444141872227191925e-03
1.624331693165004253e-03
1.001386344432830811e-02
-3.051866777241230011e-03
-2.209066646173596382e-03
1.467280089855194092e-04
8.369458373636007309e-05
-1.968032680451869965e-03
1.958617474883794785e-03
3.362891729921102524e-04
-3.930914681404829025e-03
7.632323075085878372e-03
-4.639925900846719742e-03
8.953489363193511963e-03
9.758303873240947723e-03
3.196354722604155540e-03
2.148866886273026466e-03
3.356600180268287659e-03
-2.637888304889202118e-03
-4.687750712037086487e-03
5.188050679862499237e-03
6.238090572878718376e-04
1.984314061701297760e-03
3.538466524332761765e-03
-2.342655556276440620e-03
1.133492961525917053e-02
8.553234860301017761e-03
1.288143917918205261e-03
2.990282606333494186e-03
-1.065089134499430656e-03
2.461008261889219284e-04
-4.889352712780237198e-04
-1.151686301454901695e-03
-1.309328945353627205e-03
1.218388788402080536e-02
8.124327287077903748e-03
5.841271020472049713e-03
3.181325737386941910e-03
-3.983347211033105850e-03
3.995507024228572845e-03
5.728870164602994919e-03
-1.439073961228132248e-02
-5.042869597673416138e-03
4.766814876347780228e-03
-1.269963453523814678e-03
9.675404988229274750e-03
4.816011525690555573e-03
3.965950571000576019e-03
9.648604318499565125e-04
3.934811800718307495e-03
-4.666833207011222839e-03
1.616873312741518021e-03
5.348114296793937683e-03
3.125875722616910934e-03
4.288479685783386230e-03
5.587041378021240234e-03
-1.429143827408552170e-03
4.382980987429618835e-03
-1.074257306754589081e-04
-4.460252821445465088e-04
2.002324908971786499e-04
-1.589753665030002594e-04
5.485891364514827728e-03
-1.177313271909952164e-03
1.031219586730003357e-02
-2.959480043500661850e-03
-1.374332932755351067e-04
9.810149669647216797e-03
1.226934138685464859e-03
-4.119737539440393448e-03
2.478776033967733383e-03
6.441492587327957153e-03
3.280700417235493660e-03
-3.832981223240494728e-03
9.561169426888227463e-04
-5.220612045377492905e-03
2.562802284955978394e-03
-1.161115011200308800e-03
3.739706240594387054e-03
2.963106846436858177e-03
-6.179115734994411469e-05
4.181853728368878365e-04
-2.241836395114660263e-03
-8.390391012653708458e-04
6.156404502689838409e-03
9.171587415039539337e-03
4.838780965656042099e-03
8.033340796828269958e-03
5.274174734950065613e-03
-3.871825290843844414e-03
8.188399486243724823e-03
5.692278966307640076e-03
8.102632127702236176e-03
-8.015503408387303352e-04
-4.845858551561832428e-03
-7.094537839293479919e-03
-4.783967509865760803e-03
1.405435614287853241e-02
2.540630986914038658e-03
-2.425787504762411118e-03
-1.763844862580299377e-03
-9.170314297080039978e-05
9.909167885780334473e-03
5.286080297082662582e-03
1.023634709417819977e-02
8.153953589498996735e-03
4.089494701474905014e-03
-4.102368839085102081e-04
-1.598307746462523937e-03
-1.478918455541133881e-02
-8.194419555366039276e-03
-4.969177767634391785e-03
1.203586696647107601e-03
-3.819022793322801590e-03
2.892851596698164940e-03
6.525918841361999512e-03
1.387188676744699478e-02
1.165047846734523773e-02
