-9.164639748632907867e-03
-3.919608145952224731e-02
-2.223289757966995239e-02
-8.970057591795921326e-03
1.543108094483613968e-02
6.279864907264709473e-02
3.078448120504617691e-03
1.169857941567897797e-02
1.885629724711179733e-03
1.175753539428114891e-03
-2.023352310061454773e-02
-1.777061633765697479e-02
1.911014318466186523e-02
1.871952228248119354e-02
3.151505254209041595e-03
-1.425834279507398605e-02
-2.224551700055599213e-02
-1.449061557650566101e-02
-5.581506062299013138e-03
-3.534799069166183472e-02
-3.966998774558305740e-03
8.065894246101379395e-03
8.016014471650123596e-03
9.488373994827270508e-03
3.815702162683010101e-03
-2.670029643923044205e-03
4.246835596859455109e-03
7.802320644259452820e-03
-1.363233197480440140e-02
1.451015099883079529e-02
-6.702945381402969360e-02
-6.908092647790908813e-03
-4.156800452619791031e-03
9.691083803772926331e-03
-1.762170717120170593e-02
-2.631675638258457184e-02
9.676190675236284733e-04
-2.408592589199542999e-02
-7.739098742604255676e-03
3.423840738832950592e-03
-1.334088481962680817e-02
-1.400817465037107468e-02
-1.158684305846691132e-02
-1.692019402980804443e-02
-2.731114253401756287e-02
3.057756833732128143e-02
-2.199260331690311432e-02
-4.329386353492736816e-02
1.320946030318737030e-03
-4.762174934148788452e-02
-2.584762685000896454e-02
1.305876858532428741e-02
-1.131444983184337616e-02
-1.065028458833694458e-02
-1.432960480451583862e-02
-4.340694099664688110e-02
9.869660250842571259e-03
-6.268341094255447388e-04
-3.860943019390106201e-03
2.428312785923480988e-03
1.531368214637041092e-02
-5.587067827582359314e-02
-2.330195531249046326e-02
-7.684806361794471741e-03
-1.048152893781661987e-02
-2.157874032855033875e-02
-2.272243052721023560e-02
2.370118536055088043e-02
-8.524479344487190247e-03
-1.479895226657390594e-02
7.523341570049524307e-03
-4.121824353933334351e-02
1.922772824764251709e-02
-2.233826741576194763e-02
-1.174355670809745789e-02
-3.696160390973091125e-03
-4.584508389234542847e-02
7.912782952189445496e-03
-1.812404766678810120e-02
-4.005207493901252747e-02
-1.186691410839557648e-02
-3.775074332952499390e-02
-1.460697036236524582e-02
-1.020111236721277237e-02
-1.845612376928329468e-02
-4.314766079187393188e-02
-2.352993190288543701e-02
-1.655995100736618042e-02
-2.143409475684165955e-02
1.124039012938737869e-02
-1.055260747671127319e-02
-4.677304625511169434e-02
-2.798389643430709839e-02
1.685103029012680054e-02
-1.522869616746902466e-02
-3.392252326011657715e-02
-9.495082776993513107e-04
2.366138994693756104e-02
-2.025339752435684204e-02
-3.437945246696472168e-02
-1.898813992738723755e-02
-1.478864345699548721e-03
-4.620048031210899353e-02
-2.095419913530349731e-03
7.637427188456058502e-05
-1.781794242560863495e-02
-3.997245430946350098e-02
2.082583680748939514e-02
-4.733090475201606750e-02
-6.023065373301506042e-02
5.829230882227420807e-03
-1.085636671632528305e-02
-3.743478283286094666e-02
1.600694283843040466e-02
-1.781423203647136688e-02
-4.966891184449195862e-02
1.641153357923030853e-02
-1.130001433193683624e-02
-2.919054217636585236e-02
5.007439292967319489e-03
1.073180697858333588e-02
-4.284317046403884888e-02
-6.440806668251752853e-03
1.608737185597419739e-02
-5.282519012689590454e-02
-3.756351768970489502e-03
-8.262981660664081573e-03
-3.983212262392044067e-02
-4.668109118938446045e-02
9.981915354728698730e-03
-2.586923353374004364e-02
-2.534532546997070312e-02
9.364087134599685669e-03
1.435907557606697083e-02
-4.270710051059722900e-02
-1.134423632174730301e-02
1.127776456996798515e-03
-2.346708998084068298e-02
-1.095484755933284760e-02
-9.116774424910545349e-03
-2.891086973249912262e-03
-3.270352259278297424e-03
-2.964470535516738892e-02
1.624032296240329742e-02
-1.453060097992420197e-02
-3.093868307769298553e-02
-3.066296502947807312e-02
-9.859808720648288727e-03
-1.725056581199169159e-02
-2.405432984232902527e-02
-1.436785236001014709e-02
-1.436347514390945435e-02
-7.329455576837062836e-03
-7.583764847368001938e-03
-1.517530158162117004e-02
-3.079970926046371460e-02
-1.512552984058856964e-02
1.083786366507411003e-03
-2.344740554690361023e-02
-2.208692487329244614e-03
-2.925386093556880951e-02
-1.251487061381340027e-02
-1.289859972894191742e-02
2.791551500558853149e-02
-3.118453361093997955e-02
-2.638473175466060638e-02
2.991147805005311966e-03
-3.021746873855590820e-02
-3.284289687871932983e-02
2.307608351111412048e-02
-2.451430447399616241e-02
-2.465509250760078430e-02
1.380763575434684753e-02
-1.662498340010643005e-02
-7.816772162914276123e-02
9.110664948821067810e-03
-4.958713054656982422e-02
6.750212982296943665e-03
8.689712733030319214e-03
-1.895605772733688354e-02
-3.106199204921722412e-02
2.704310230910778046e-03
-3.767068684101104736e-02
-4.203006159514188766e-03
-3.537715226411819458e-02
-6.750809960067272186e-03
-7.096235640347003937e-03
-3.690887242555618286e-02
-1.039290800690650940e-02
-1.829091459512710571e-02
-3.054518625140190125e-02
-1.274058409035205841e-02
-2.583339810371398926e-02
-2.926131337881088257e-02
-4.931236803531646729e-02
-4.182941280305385590e-03
-3.134131059050559998e-02
-1.221541780978441238e-02
-8.369289338588714600e-03
-7.504030130803585052e-03
-2.929101139307022095e-02
1.006843429058790207e-02
-3.864549566060304642e-03
-4.636561498045921326e-02
-1.178326644003391266e-02
-1.422720775008201599e-02
-2.485891617834568024e-02
-9.562131017446517944e-04
-2.205850556492805481e-02
-2.428283728659152985e-02
3.379210829734802246e-05
-1.547308638691902161e-02
-2.102276869118213654e-02
-2.266328781843185425e-02
-2.500357478857040405e-02
-1.941907964646816254e-02
8.088325150310993195e-03
-1.007720455527305603e-02
-1.833853684365749359e-02
-7.034427020698785782e-03
-1.178202405571937561e-02
-5.500473827123641968e-02
-1.580910757184028625e-02
5.118960514664649963e-03
-2.409447217360138893e-03
-2.864827960729598999e-02
-1.419405452907085419e-02
-2.281981520354747772e-02
-3.505950421094894409e-02
-4.905744921416044235e-03
-2.064707875251770020e-02
-2.274839207530021667e-02
-7.164387032389640808e-03
-1.598223671317100525e-02
-5.660758912563323975e-02
-1.778119057416915894e-02
-4.412699025124311447e-03
-5.296866968274116516e-02
-2.809217758476734161e-02
2.270708605647087097e-02
-4.426267743110656738e-02
-3.095137700438499451e-02
-2.598781371489167213e-03
-2.947888709604740143e-02
-2.523623593151569366e-02
-1.196795515716075897e-02
-1.455650478601455688e-02
-5.649137124419212341e-02
-2.535982057452201843e-02
2.358635514974594116e-02
-5.094375088810920715e-02
-2.471635490655899048e-02
1.531560532748699188e-02
-2.547578513622283936e-02
-2.738780155777931213e-02
-8.036365732550621033e-03
-3.755757585167884827e-02
-4.136057570576667786e-02
1.913798227906227112e-02
-2.322417311370372772e-02
-3.961888328194618225e-02
-1.287046074867248535e-02
-3.534876555204391479e-02
-4.051241092383861542e-03
6.048289593309164047e-03
-6.478372216224670410e-02
1.230950653553009033e-02
-3.939431533217430115e-02
-3.858938813209533691e-02
-1.710061356425285339e-02
-2.464409917593002319e-02
-3.545963764190673828e-02
-1.883387751877307892e-02
-3.779192268848419189e-02
3.784397849813103676e-03
-6.106344982981681824e-02
-5.639420449733734131e-02
8.860660716891288757e-03
-5.863682925701141357e-02
-2.478071674704551697e-02
-2.629387378692626953e-02
-3.685121238231658936e-02
2.678581513464450836e-03
-5.175982788205146790e-02
-1.452880911529064178e-02
-2.404375001788139343e-02
-4.634873941540718079e-02
-4.808603227138519287e-02
-1.309484057128429413e-02
-1.682289130985736847e-02
-2.743019536137580872e-02
-2.305313758552074432e-02
-2.759392186999320984e-02
-2.250017412006855011e-02
-1.948842033743858337e-02
-3.179550170898437500e-02
-8.062247186899185181e-03
-4.709040001034736633e-02
-9.803375229239463806e-03
-1.746673509478569031e-02
-3.395922854542732239e-02
-2.574471011757850647e-02
-2.909727394580841064e-02
-3.786265105009078979e-02
-2.269349992275238037e-02
-1.778290420770645142e-02
-3.641289845108985901e-02
-1.526093110442161560e-02
-2.347970381379127502e-02
-1.493502408266067505e-03
-4.059354588389396667e-02
-3.677240386605262756e-02
-5.482091382145881653e-02
-1.732258871197700500e-02
-6.659901887178421021e-02
-3.521343320608139038e-02
-2.207988128066062927e-02
-4.975463822484016418e-02
-2.882402017712593079e-02
-4.886375367641448975e-02
-3.874268382787704468e-02
-3.458717837929725647e-02
-6.576135009527206421e-02
-6.271702796220779419e-02
-1.531645376235246658e-02
-5.508580058813095093e-02
-2.754605002701282501e-02
-4.721555486321449280e-02
-4.379987716674804688e-02
-4.697196185588836670e-02
-3.597277775406837463e-02
-3.684689104557037354e-02
-6.185168772935867310e-02
-5.716307088732719421e-02
-1.308230217546224594e-02
-4.131195321679115295e-02
-3.757975250482559204e-02
-4.393975436687469482e-02
-4.340080171823501587e-02
-8.170329034328460693e-02
-5.312087386846542358e-02
-3.169842436909675598e-02
-3.961457312107086182e-02
-3.980645909905433655e-02
-3.283227607607841492e-02
-3.580442816019058228e-02
-5.664236843585968018e-02
-4.163965582847595215e-02
-7.138280570507049561e-02
-4.716770723462104797e-02
-5.308145284652709961e-02
-4.633055627346038818e-02
-4.438652098178863525e-02
-9.868415072560310364e-03
-4.168946295976638794e-02
-6.027850136160850525e-02
-3.701145201921463013e-02
-6.061005592346191406e-02
-3.558136522769927979e-02
-4.512319713830947876e-02
-6.222512573003768921e-02
-3.652173280715942383e-02
-4.760545492172241211e-02
-3.995292633771896362e-02
-4.147058352828025818e-02
-4.878535121679306030e-02
-4.977257177233695984e-02
-4.019755870103836060e-02
-5.998285859823226929e-02
-6.580665707588195801e-02
-7.017872482538223267e-02
-4.803486168384552002e-02
-4.923455044627189636e-02
-3.487454354763031006e-02
-5.042016878724098206e-02
-4.541017860174179077e-02
-5.020523071289062500e-02
-4.033385217189788818e-02
-4.687674716114997864e-02
-5.585560202598571777e-02
-4.404611513018608093e-02
-3.034060075879096985e-02
-3.578235954046249390e-02
-3.940894827246665955e-02
-2.414127811789512634e-02
-4.914655908942222595e-02
-4.356136918067932129e-02
-5.473587661981582642e-02
-3.969794884324073792e-02
-4.654138535261154175e-02
-5.772202461957931519e-02
-2.962241508066654205e-02
-3.802266716957092285e-02
-4.069222509860992432e-02
-5.504730716347694397e-02
-4.720414429903030396e-02
-4.128965735435485840e-02
-4.199273511767387390e-02
-3.248793259263038635e-02
-2.224022895097732544e-02
-3.590092808008193970e-02
-3.378184139728546143e-02
-5.121019482612609863e-02
-5.974465236067771912e-02
-4.185856878757476807e-02
-4.347338527441024780e-02
-3.798759356141090393e-02
-5.023559927940368652e-02
-5.576414242386817932e-02
-3.597880899906158447e-02
-1.935786940157413483e-02
-4.085441678762435913e-02
-5.340628698468208313e-02
-3.702842444181442261e-02
-5.673275142908096313e-02
-4.045595973730087280e-02
-5.164293199777603149e-02
-4.012084379792213440e-02
-3.616562113165855408e-02
-4.053312167525291443e-02
-5.465285480022430420e-02
-4.652636125683784485e-02
-5.463944002985954285e-02
-4.319101572036743164e-02
-3.020514734089374542e-02
-3.067373111844062805e-02
-5.821213871240615845e-02
-3.781463578343391418e-02
-1.970954984426498413e-02
-3.514696657657623291e-02
-3.188593685626983643e-02
-5.001407116651535034e-02
-5.141519382596015930e-02
-3.424056619405746460e-02
-3.102150931954383850e-02
-3.397612273693084717e-02
-4.790658876299858093e-02
-3.689208626747131348e-02
-4.294186457991600037e-02
-4.124578088521957397e-02
-4.166071489453315735e-02
-3.176851198077201843e-02
-2.874572761356830597e-02
-4.716441407799720764e-02
-3.777784481644630432e-02
-3.464160859584808350e-02
-5.551255866885185242e-02
-3.432253003120422363e-02
-3.169749677181243896e-02
-3.911966085433959961e-02
-2.593474648892879486e-02
-1.935838721692562103e-02
-2.447243779897689819e-02
-2.818013168871402740e-02
-3.662598133087158203e-02
-4.155898466706275940e-02
-1.788349635899066925e-02
-1.587207242846488953e-02
-2.873601950705051422e-02
-2.951548993587493896e-02
-5.333967134356498718e-02
-3.790222853422164917e-02
-3.107641264796257019e-02
-4.371246695518493652e-02
-4.193129390478134155e-02
-1.826154813170433044e-02
-5.189691483974456787e-02
-3.392226248979568481e-02
-4.247631877660751343e-02
-3.134739398956298828e-02
-2.802467346191406250e-02
-3.835856541991233826e-02
-3.784662485122680664e-02
-5.719546228647232056e-02
-3.704907372593879700e-02
-4.413196071982383728e-02
-1.897872798144817352e-02
-6.173922494053840637e-02
-2.729109860956668854e-02
-3.164707124233245850e-02
-3.788919001817703247e-02
-3.686745464801788330e-02
-3.441599756479263306e-02
-4.254181310534477234e-02
-1.915123686194419861e-02
-4.971604794263839722e-02
-4.435012117028236389e-02
-2.689921297132968903e-02
-5.100801959633827209e-02
-4.537230730056762695e-02
-4.055415093898773193e-02
-4.917460680007934570e-02
-5.170955136418342590e-02
-3.860588371753692627e-02
-3.689887002110481262e-02
-5.660016462206840515e-02
-5.568552017211914062e-02
-3.655236214399337769e-02
-5.052877590060234070e-02
-4.102594777941703796e-02
-4.343045130372047424e-02
-5.045734345912933350e-02
-4.734940826892852783e-02
-4.834470897912979126e-02
-4.694231972098350525e-02
-6.005450338125228882e-02
-3.980936855077743530e-02
-4.248555749654769897e-02
-4.496235400438308716e-02
-5.817936360836029053e-02
-3.221319615840911865e-02
-8.016933500766754150e-02
-4.041480273008346558e-02
-5.573230609297752380e-02
-4.013817012310028076e-02
-4.364108294248580933e-02
-6.846997886896133423e-02
-4.617130383849143982e-02
-6.123575568199157715e-02
-4.970226436853408813e-02
-5.600092187523841858e-02
-4.582875967025756836e-02
-5.183878913521766663e-02
-7.502993941307067871e-02
-4.087518155574798584e-02
-5.718571320176124573e-02
-6.447120010852813721e-02
-4.652921482920646667e-02
-5.416409671306610107e-02
-6.919881701469421387e-02
-6.382659077644348145e-02
-6.473447382450103760e-02
-6.614105403423309326e-02
-5.258759111166000366e-02
-4.391460120677947998e-02
-5.908093973994255066e-02
-7.958165556192398071e-02
-4.707311838865280151e-02
-6.959859281778335571e-02
-6.299979984760284424e-02
-5.665176361799240112e-02
-6.626337766647338867e-02
-5.107742547988891602e-02
-6.291138380765914917e-02
-4.637236893177032471e-02
-6.757038831710815430e-02
-4.633685573935508728e-02
-6.644554436206817627e-02
-5.312266200780868530e-02
-5.942768603563308716e-02
-5.039887502789497375e-02
-5.662852153182029724e-02
-4.794498533010482788e-02
-5.415016785264015198e-02
-5.434831976890563965e-02
-4.538141191005706787e-02
-5.051007121801376343e-02
-4.017349332571029663e-02
-8.442146331071853638e-02
-4.549542814493179321e-02
-6.296698749065399170e-02
-4.325748234987258911e-02
-6.943647563457489014e-02
-6.233463063836097717e-02
-8.015353977680206299e-02
-3.680047765374183655e-02
-5.187339335680007935e-02
-5.094039440155029297e-02
-7.293438911437988281e-02
-4.899853095412254333e-02
-4.356449097394943237e-02
-5.896741896867752075e-02
-8.016468584537506104e-02
-4.776694625616073608e-02
-6.030837818980216980e-02
-5.893936008214950562e-02
-4.782373085618019104e-02
-7.555909454822540283e-02
-5.592609569430351257e-02
-5.268428474664688110e-02
-6.591827422380447388e-02
-5.006894469261169434e-02
-6.527525186538696289e-02
-5.669414624571800232e-02
-7.049135118722915649e-02
-6.871163845062255859e-02
-5.633175745606422424e-02
-5.387680232524871826e-02
-8.414731919765472412e-02
-3.244669735431671143e-02
-7.237717509269714355e-02
-5.017877370119094849e-02
-8.075386285781860352e-02
-5.265795812010765076e-02
-7.358650118112564087e-02
-5.025612562894821167e-02
-5.671936646103858948e-02
-6.658931821584701538e-02
-5.685896426439285278e-02
-7.661481201648712158e-02
-5.738751962780952454e-02
-5.713362991809844971e-02
-5.737498775124549866e-02
-7.436293363571166992e-02
-4.968150705099105835e-02
-5.907819792628288269e-02
-7.517820596694946289e-02
-4.936728253960609436e-02
-7.326084375381469727e-02
-5.489389598369598389e-02
-6.831949949264526367e-02
-5.219313502311706543e-02
-5.951127782464027405e-02
-5.211481079459190369e-02
-5.623009428381919861e-02
-7.145583629608154297e-02
-4.622625559568405151e-02
-6.735296547412872314e-02
-5.427708476781845093e-02
-6.769062578678131104e-02
-5.737879872322082520e-02
-5.774720013141632080e-02
-6.006882712244987488e-02
-7.070280611515045166e-02
-5.356537550687789917e-02
-6.142335012555122375e-02
-5.348173901438713074e-02
-6.281873583793640137e-02
-5.943360924720764160e-02
-8.605727553367614746e-02
-7.972462475299835205e-02
-4.950028657913208008e-02
-7.645870745182037354e-02
-6.959182024002075195e-02
-6.229095906019210815e-02
-5.235245823860168457e-02
-6.617503613233566284e-02
-7.709325850009918213e-02
-6.090896204113960266e-02
-7.907346636056900024e-02
-6.093860045075416565e-02
-7.643976807594299316e-02
-6.555027514696121216e-02
-7.371667027473449707e-02
-6.159817799925804138e-02
-8.369355648756027222e-02
-5.008422583341598511e-02
-5.244989320635795593e-02
-4.794527217745780945e-02
-5.631469190120697021e-02
-8.122482895851135254e-02
-5.753137171268463135e-02
-9.262396395206451416e-02
-6.467434763908386230e-02
-9.056396037340164185e-02
-6.894215941429138184e-02
-7.731081545352935791e-02
-6.578251719474792480e-02
-9.055615961551666260e-02
-7.480294257402420044e-02
-6.486926972866058350e-02
-9.673035144805908203e-02
-6.099039316177368164e-02
-7.158216089010238647e-02
-7.848188281059265137e-02
-6.706076860427856445e-02
-7.517869770526885986e-02
-6.856097280979156494e-02
-6.901530921459197998e-02
-7.260522246360778809e-02
-6.535094231367111206e-02
-7.057844102382659912e-02
-7.346530258655548096e-02
-6.198591366410255432e-02
-5.802986770868301392e-02
-7.352700084447860718e-02
-7.505611330270767212e-02
-7.552288472652435303e-02
-6.695427000522613525e-02
-6.480030715465545654e-02
-8.182192593812942505e-02
-7.359434664249420166e-02
-7.655769586563110352e-02
-6.437258422374725342e-02
-7.699114084243774414e-02
-6.780709326267242432e-02
-6.035948172211647034e-02
-7.048735022544860840e-02
-7.828417420387268066e-02
-7.509401440620422363e-02
-6.453003734350204468e-02
-8.254273980855941772e-02
-7.199704647064208984e-02
-6.066068261861801147e-02
-5.387368425726890564e-02
-6.543769687414169312e-02
-6.635024398565292358e-02
-7.122740894556045532e-02
-7.891820371150970459e-02
-6.892527639865875244e-02
-6.918206810951232910e-02
-6.445820629596710205e-02
-8.893746137619018555e-02
-6.180557981133460999e-02
-8.858600258827209473e-02
-5.820813775062561035e-02
-6.855191290378570557e-02
-9.781741350889205933e-02
-6.178457289934158325e-02
-8.427353948354721069e-02
-6.890906393527984619e-02
-8.075906336307525635e-02
-8.205227553844451904e-02
-7.928264141082763672e-02
-8.434176445007324219e-02
-8.036279678344726562e-02
-8.232994377613067627e-02
-6.149224191904067993e-02
-6.928221881389617920e-02
-8.679279685020446777e-02
-5.463224649429321289e-02
-6.711570918560028076e-02
-7.970555126667022705e-02
-8.761361986398696899e-02
-6.587204337120056152e-02
-7.271862775087356567e-02
-7.736757397651672363e-02
-7.216679304838180542e-02
-7.094807177782058716e-02
-8.367433398962020874e-02
-6.607449054718017578e-02
-7.557632029056549072e-02
-5.732320249080657959e-02
-7.373341917991638184e-02
-8.221252262592315674e-02
-8.046396076679229736e-02
-6.554605066776275635e-02
-7.184022665023803711e-02
-6.810635328292846680e-02
-7.026667892932891846e-02
-6.045188009738922119e-02
-7.631902396678924561e-02
-5.186591297388076782e-02
-7.127836346626281738e-02
-6.900691986083984375e-02
-5.509371310472488403e-02
-7.344730943441390991e-02
-7.464147359132766724e-02
-5.989704653620719910e-02
-6.579448282718658447e-02
-7.275115698575973511e-02
-7.278998196125030518e-02
-9.003941714763641357e-02
-5.975317209959030151e-02
-4.955572262406349182e-02
-6.401379406452178955e-02
-6.704981625080108643e-02
-6.803105771541595459e-02
-5.915832519531250000e-02
-8.037310838699340820e-02
-6.484579294919967651e-02
-8.805781602859497070e-02
-6.448682397603988647e-02
-6.158688291907310486e-02
-8.428469300270080566e-02
-6.679226458072662354e-02
-5.635395273566246033e-02
-7.779765129089355469e-02
-5.494010820984840393e-02
-6.522173434495925903e-02
-6.185108423233032227e-02
-8.015100657939910889e-02
-6.489829719066619873e-02
-4.518499970436096191e-02
-5.763627216219902039e-02
-7.197231054306030273e-02
-7.308563590049743652e-02
-6.639395654201507568e-02
-7.825992256402969360e-02
-8.891767263412475586e-02
-5.986204743385314941e-02
-6.737118214368820190e-02
-8.363755047321319580e-02
-7.494056224822998047e-02
-7.097037136554718018e-02
-7.727899402379989624e-02
-6.315886974334716797e-02
-5.570793151855468750e-02
-7.102666050195693970e-02
-6.994614005088806152e-02
-8.158326894044876099e-02
-5.737667530775070190e-02
-7.404324412345886230e-02
-7.307661324739456177e-02
-7.299521565437316895e-02
-7.353711128234863281e-02
-8.336390554904937744e-02
-7.257609069347381592e-02
-6.755361706018447876e-02
-7.941419631242752075e-02
-7.657493650913238525e-02
-5.205512791872024536e-02
-7.158762216567993164e-02
-7.123711705207824707e-02
-7.149124145507812500e-02
-5.473018065094947815e-02
-7.021865248680114746e-02
-8.604719489812850952e-02
-6.145316362380981445e-02
-7.659137248992919922e-02
-5.962749570608139038e-02
-5.819100141525268555e-02
-7.766222208738327026e-02
-8.749961853027343750e-02
-6.988464295864105225e-02
-7.049386203289031982e-02
-6.593140959739685059e-02
-8.115576207637786865e-02
-6.684833765029907227e-02
-5.871523544192314148e-02
-8.112646639347076416e-02
-7.596136629581451416e-02
-6.229472160339355469e-02
-6.154245883226394653e-02
-7.013094425201416016e-02
-6.242978572845458984e-02
-6.979306042194366455e-02
-7.183805108070373535e-02
-6.697179377079010010e-02
-7.213410735130310059e-02
-6.917093694210052490e-02
-7.280233502388000488e-02
-6.115549430251121521e-02
-8.166472613811492920e-02
-5.695871636271476746e-02
-8.228873461484909058e-02
-7.245136797428131104e-02
-8.557990193367004395e-02
-6.289497017860412598e-02
-7.050668448209762573e-02
-6.900595128536224365e-02
-6.862532347440719604e-02
-6.191341206431388855e-02
-7.194447517395019531e-02
-8.364692330360412598e-02
-6.582704186439514160e-02
-6.697793304920196533e-02
-7.298701256513595581e-02
-6.570638716220855713e-02
-5.295705050230026245e-02
-6.899528205394744873e-02
-4.544503241777420044e-02
-6.764728575944900513e-02
-5.995093286037445068e-02
-6.080118194222450256e-02
-5.902067571878433228e-02
-6.409819424152374268e-02
-6.808282434940338135e-02
-7.749949395656585693e-02
-6.871731579303741455e-02
-6.351788341999053955e-02
-6.973935663700103760e-02
-7.739262282848358154e-02
-6.599123775959014893e-02
-5.270881205797195435e-02
-7.328627258539199829e-02
-7.019288837909698486e-02
-7.246039807796478271e-02
-6.903199106454849243e-02
-7.219421863555908203e-02
-6.171410158276557922e-02
-7.800099253654479980e-02
-8.399522304534912109e-02
-6.082128733396530151e-02
-5.951043963432312012e-02
-7.132002711296081543e-02
-8.199084550142288208e-02
-7.254578173160552979e-02
-7.499471306800842285e-02
-6.622909009456634521e-02
-8.478838205337524414e-02
-4.487419873476028442e-02
-6.044371798634529114e-02
-6.743765622377395630e-02
-6.628376245498657227e-02
-6.254528462886810303e-02
-7.234446704387664795e-02
-5.490793660283088684e-02
-8.088340610265731812e-02
-8.179466426372528076e-02
-8.748402446508407593e-02
-6.630378961563110352e-02
-6.313779950141906738e-02
-6.920736283063888550e-02
-7.339315861463546753e-02
-6.936787068843841553e-02
-6.531511992216110229e-02
-5.252701044082641602e-02
-5.852227658033370972e-02
-6.290712207555770874e-02
-5.708055570721626282e-02
-6.418994814157485962e-02
-5.758137255907058716e-02
-7.213722169399261475e-02
-5.491594597697257996e-02
-7.529148459434509277e-02
-7.127704471349716187e-02
-7.529857754707336426e-02
-7.568065822124481201e-02
-6.974822282791137695e-02
-6.519369781017303467e-02
-5.874276161193847656e-02
-7.033830881118774414e-02
-8.109290897846221924e-02
-7.546854764223098755e-02
-7.760539650917053223e-02
-5.701211839914321899e-02
-7.649274170398712158e-02
-7.428677380084991455e-02
-5.942225828766822815e-02
-8.427920937538146973e-02
-6.733337044715881348e-02
-7.588323950767517090e-02
-6.925486028194427490e-02
-6.821532547473907471e-02
-7.428956031799316406e-02
-7.242268323898315430e-02
-5.812825262546539307e-02
-7.387574762105941772e-02
-6.959436833858489990e-02
-6.864668428897857666e-02
-7.832759618759155273e-02
-6.693449616432189941e-02
-5.889710038900375366e-02
-7.835825532674789429e-02
-7.162376493215560913e-02
-7.363718748092651367e-02
-6.112229451537132263e-02
-7.162462174892425537e-02
-5.785895138978958130e-02
-5.410248786211013794e-02
-7.885453104972839355e-02
-8.071510493755340576e-02
-7.634578645229339600e-02
-4.712500423192977905e-02
-5.236666277050971985e-02
-6.715372204780578613e-02
-7.033979147672653198e-02
-5.948610603809356689e-02
-6.454806774854660034e-02
-7.706813514232635498e-02
-7.339712977409362793e-02
-6.131913512945175171e-02
-5.955287814140319824e-02
-6.850555539131164551e-02
-7.061094045639038086e-02
-7.960244268178939819e-02
-5.617944151163101196e-02
-8.218862116336822510e-02
-7.197676599025726318e-02
-7.699809223413467407e-02
-7.062010467052459717e-02
-6.479822099208831787e-02
-6.947410106658935547e-02
-6.447117030620574951e-02
-6.859964132308959961e-02
-7.834193110466003418e-02
-6.391329318284988403e-02
-7.245111465454101562e-02
-5.385889858007431030e-02
-6.358886510133743286e-02
-6.456395983695983887e-02
-5.782414227724075317e-02
-8.165690302848815918e-02
-7.344060391187667847e-02
-7.679119706153869629e-02
-6.813833862543106079e-02
-5.812883377075195312e-02
-6.977400928735733032e-02
-7.277128845453262329e-02
-7.383815944194793701e-02
-7.860654592514038086e-02
-6.561994552612304688e-02
-6.907025724649429321e-02
-6.524442881345748901e-02
-7.304052263498306274e-02
-6.049552932381629944e-02
-6.668855249881744385e-02
-8.294221758842468262e-02
-7.862760126590728760e-02
-6.843618303537368774e-02
-7.230807840824127197e-02
-6.690597534179687500e-02
-6.308718025684356689e-02
-6.125856190919876099e-02
-6.372847408056259155e-02
-6.497599184513092041e-02
-6.226349994540214539e-02
-5.913106724619865417e-02
-5.547809600830078125e-02
