9.504623711109161377e-03
-6.935177743434906006e-02
-7.609857618808746338e-02
-1.149544641375541687e-01
-8.517335355281829834e-02
-1.411446630954742432e-01
-1.273705661296844482e-01
-1.360294818878173828e-01
-1.624948084354400635e-01
-1.757670342922210693e-01
-1.450848877429962158e-01
-1.488806754350662231e-01
-1.542251408100128174e-01
-1.825286000967025757e-01
-1.732933968305587769e-01
-1.738575994968414307e-01
-1.260450482368469238e-01
-1.826257854700088501e-01
-2.024522125720977783e-01
-1.457313895225524902e-01
-1.398276984691619873e-01
-1.945566833019256592e-01
-2.151464521884918213e-01
-1.877510100603103638e-01
-1.977273970842361450e-01
-1.955652385950088501e-01
-1.598722934722900391e-01
-1.540367603302001953e-01
-1.912199556827545166e-01
-1.778016686439514160e-01
-1.598980724811553955e-01
-1.907670050859451294e-01
-1.745570749044418335e-01
-1.871651262044906616e-01
-1.722632050514221191e-01
-2.019356042146682739e-01
-1.617782711982727051e-01
-1.036447361111640930e-01
-1.904786229133605957e-01
-1.771046519279479980e-01
-2.064419239759445190e-01
-1.265800297260284424e-01
-2.200672030448913574e-01
-1.998259723186492920e-01
-2.259693294763565063e-01
-1.649512350559234619e-01
-1.776861846446990967e-01
-1.418354958295822144e-01
-1.666480898857116699e-01
-1.144227683544158936e-01
-1.632910370826721191e-01
-1.588829606771469116e-01
-1.252361088991165161e-01
-1.756239831447601318e-01
-1.398507952690124512e-01
-1.390366256237030029e-01
-1.629142016172409058e-01
-1.327876150608062744e-01
-1.477734595537185669e-01
-1.547349542379379272e-01
-1.590351015329360962e-01
-1.657767593860626221e-01
-1.250212192535400391e-01
-1.351024657487869263e-01
-9.666623175144195557e-02
-1.303473412990570068e-01
-9.833256155252456665e-02
-1.635011881589889526e-01
-9.862051159143447876e-02
-2.147980779409408569e-01
-1.653189659118652344e-01
-1.028705239295959473e-01
-1.375797688961029053e-01
-1.616074293851852417e-01
-9.716133773326873779e-02
-1.258962005376815796e-01
-8.914129436016082764e-02
-1.839466691017150879e-01
-1.398165971040725708e-01
-1.171700358390808105e-01
-1.576974838972091675e-01
-1.347829699516296387e-01
-1.549642384052276611e-01
-8.475837856531143188e-02
-1.400216221809387207e-01
-9.475307911634445190e-02
-1.024884730577468872e-01
-1.347672790288925171e-01
-1.427719891071319580e-01
-1.295054703950881958e-01
-1.354717016220092773e-01
-1.456715464591979980e-01
-1.386258304119110107e-01
-1.668273061513900757e-01
-1.402132213115692139e-01
-1.342321038246154785e-01
-1.228049099445343018e-01
-1.521643400192260742e-01
-1.188253462314605713e-01
-1.201545149087905884e-01
-1.513459682464599609e-01
-1.302910447120666504e-01
-8.946690708398818970e-02
-1.975191682577133179e-01
-1.110234782099723816e-01
-1.031250208616256714e-01
-1.442329138517379761e-01
-1.586842238903045654e-01
-1.322029232978820801e-01
-1.588106602430343628e-01
-1.149042397737503052e-01
-1.622267812490463257e-01
-8.830891549587249756e-02
-1.099036410450935364e-01
-1.213598921895027161e-01
-9.204462170600891113e-02
-1.188718974590301514e-01
-1.340503394603729248e-01
-1.102847456932067871e-01
-1.126701012253761292e-01
-8.206583559513092041e-02
-9.343186765909194946e-02
-1.736310124397277832e-01
-1.499654501676559448e-01
-9.804588556289672852e-02
-1.227879822254180908e-01
-1.303465962409973145e-01
-8.751542866230010986e-02
-8.797913789749145508e-02
-9.581839293241500854e-02
-1.406717300415039062e-01
-8.275187015533447266e-02
-1.240664571523666382e-01
-9.927374869585037231e-02
-7.451979070901870728e-02
-7.686629891395568848e-02
-1.260857731103897095e-01
-1.129803508520126343e-01
-1.758745014667510986e-01
-9.791947901248931885e-02
-9.004572033882141113e-02
-1.030448004603385925e-01
-8.795838057994842529e-02
-1.131130158901214600e-01
-1.420446634292602539e-01
-7.299538701772689819e-02
-7.007611542940139771e-02
-9.274134039878845215e-02
-1.098572611808776855e-01
-1.197696700692176819e-01
-1.106948405504226685e-01
-8.258808404207229614e-02
-1.353631466627120972e-01
-9.238120913505554199e-02
-8.751636743545532227e-02
-1.224411875009536743e-01
-1.023760437965393066e-01
-1.043429896235466003e-01
-9.301303327083587646e-02
-9.373752772808074951e-02
-9.741570055484771729e-02
-9.021929651498794556e-02
-7.597838342189788818e-02
-9.897488355636596680e-02
-6.538299471139907837e-02
-1.166225075721740723e-01
-8.133007586002349854e-02
-1.005735620856285095e-01
-1.180215552449226379e-01
-7.085605710744857788e-02
-9.726071357727050781e-02
-8.083303272724151611e-02
-8.930259943008422852e-02
-9.881593286991119385e-02
-6.939294934272766113e-02
-9.210575371980667114e-02
-1.212331503629684448e-01
-9.945455938577651978e-02
-1.161560788750648499e-01
-9.111963212490081787e-02
-1.093962639570236206e-01
-1.064733490347862244e-01
-7.930982112884521484e-02
-1.313401460647583008e-01
-1.129394844174385071e-01
-7.548832148313522339e-02
-7.579897344112396240e-02
-8.796478807926177979e-02
-4.975553601980209351e-02
-5.956944823265075684e-02
-9.163530915975570679e-02
-7.259482145309448242e-02
-4.184485226869583130e-02
-9.791469573974609375e-02
-5.304206907749176025e-02
-1.060001403093338013e-01
-9.229619801044464111e-02
-9.444221854209899902e-02
-6.393578648567199707e-02
-7.830794155597686768e-02
-4.454679414629936218e-02
-7.129354774951934814e-02
-6.565438210964202881e-02
-8.556398004293441772e-02
-7.254430651664733887e-02
-4.106157273054122925e-02
-5.687100812792778015e-02
-6.787850707769393921e-02
-8.665160834789276123e-02
-9.126009792089462280e-02
-5.041587352752685547e-02
-6.555590778589248657e-02
-8.622092008590698242e-02
-7.986925542354583740e-02
-8.695282042026519775e-02
-8.567354828119277954e-02
-1.087872534990310669e-01
-8.156405389308929443e-02
-9.123539179563522339e-02
-9.764276444911956787e-02
-5.183354765176773071e-02
-4.909752309322357178e-02
-9.290578961372375488e-02
-8.170218765735626221e-02
-7.056555151939392090e-02
-9.101178497076034546e-02
-7.812546938657760620e-02
-5.794667452573776245e-02
-6.249043345451354980e-02
-8.954498171806335449e-02
-5.730126798152923584e-02
-8.025804162025451660e-02
-9.264439344406127930e-02
-8.576221764087677002e-02
-4.733473062515258789e-02
-7.983899116516113281e-02
-6.161219626665115356e-02
-7.448353618383407593e-02
-7.218220084905624390e-02
-6.891100108623504639e-02
-6.325870752334594727e-02
-4.577542841434478760e-02
-5.306927859783172607e-02
-5.852279067039489746e-02
-5.771353840827941895e-02
-5.084924399852752686e-02
-4.305193200707435608e-02
-5.706973373889923096e-02
-6.288287043571472168e-02
-8.567923307418823242e-02
-8.987746387720108032e-02
-4.590749368071556091e-02
-5.878265947103500366e-02
-1.036012023687362671e-01
-7.449493557214736938e-02
-7.587409764528274536e-02
-5.543247237801551819e-02
-5.780109018087387085e-02
-6.547993421554565430e-02
-5.521157383918762207e-02
-5.405214428901672363e-02
-5.985148996114730835e-02
-9.919568151235580444e-02
-4.033683612942695618e-02
-8.580742776393890381e-02
-6.414251774549484253e-02
-6.801594793796539307e-02
-7.310204952955245972e-02
-5.072971433401107788e-02
-9.409593045711517334e-02
-8.464667201042175293e-02
-5.704791471362113953e-02
-8.271202445030212402e-02
-9.725986421108245850e-02
-7.610898464918136597e-02
-3.701667487621307373e-02
-4.656396806240081787e-02
-6.427834182977676392e-02
-7.105165719985961914e-02
-7.169683277606964111e-02
-7.455393671989440918e-02
-7.585245370864868164e-02
-7.321096211671829224e-02
-5.973612517118453979e-02
-7.138466089963912964e-02
-6.886493414640426636e-02
-6.103126704692840576e-02
-4.806002229452133179e-02
-6.729015707969665527e-02
-5.896243080496788025e-02
-7.242412865161895752e-02
-6.160503253340721130e-02
-5.679589137434959412e-02
-7.611997425556182861e-02
-5.540147051215171814e-02
-7.141248881816864014e-02
-9.167003631591796875e-02
-5.961249023675918579e-02
-1.036683097481727600e-01
-6.617718935012817383e-02
-6.030805408954620361e-02
-5.358468741178512573e-02
-3.543390333652496338e-02
-5.625115334987640381e-02
-5.530788004398345947e-02
-3.221881389617919922e-02
-5.587039515376091003e-02
-5.490703880786895752e-02
-6.721726059913635254e-02
-8.209493756294250488e-02
-3.347945213317871094e-02
-4.829137027263641357e-02
-4.645337164402008057e-02
-5.230907350778579712e-02
-5.341076850891113281e-02
-6.987141072750091553e-02
-8.204056322574615479e-02
-6.978105753660202026e-02
-5.087975412607192993e-02
-4.686396569013595581e-02
-5.749047547578811646e-02
-4.258749634027481079e-02
-4.923179000616073608e-02
-4.829604923725128174e-02
-5.390594154596328735e-02
-5.237895250320434570e-02
-6.602911651134490967e-02
-5.270681902766227722e-02
-3.807934373617172241e-02
-4.198502004146575928e-02
-3.802673146128654480e-02
-4.285069555044174194e-02
-5.072076618671417236e-02
-4.662211239337921143e-02
-1.035532131791114807e-01
-4.723444581031799316e-02
-5.527918040752410889e-02
-6.024453043937683105e-02
-3.207228332757949829e-02
-8.484848588705062866e-02
-4.136855900287628174e-02
-6.057728826999664307e-02
-5.191248655319213867e-02
-7.706144452095031738e-02
-3.837452083826065063e-02
-7.594031095504760742e-02
-5.208179354667663574e-02
-5.944242700934410095e-02
-4.220394790172576904e-02
-5.368438363075256348e-02
-5.373059213161468506e-02
-5.992642790079116821e-02
-4.826002940535545349e-02
-5.009815469384193420e-02
-6.405164301395416260e-02
-8.591301739215850830e-02
-5.207829177379608154e-02
-4.366905242204666138e-02
-7.189881801605224609e-02
-5.728445947170257568e-02
-6.323787569999694824e-02
-7.650826871395111084e-02
-4.846369475126266479e-02
-5.389394983649253845e-02
-8.695334196090698242e-02
-5.485606938600540161e-02
-5.380341410636901855e-02
-5.484295636415481567e-02
-3.926502913236618042e-02
-2.114216983318328857e-02
-5.037601292133331299e-02
-7.212859392166137695e-02
-6.411147117614746094e-02
-7.139540463685989380e-02
-8.262944966554641724e-02
-5.136809498071670532e-02
-5.112016946077346802e-02
-4.655163735151290894e-02
-6.638564169406890869e-02
-4.110915213823318481e-02
-5.548013001680374146e-02
-6.225370615720748901e-02
-5.727755278348922729e-02
-4.070554301142692566e-02
-5.904689803719520569e-02
-6.031558290123939514e-02
-4.882282391190528870e-02
-5.066801607608795166e-02
-5.749507620930671692e-02
-4.528369009494781494e-02
-3.486853837966918945e-02
-6.846609711647033691e-02
-4.778422415256500244e-02
-4.408542066812515259e-02
-4.026477038860321045e-02
-5.018134415149688721e-02
-5.438421666622161865e-02
-4.684294760227203369e-02
-8.112072199583053589e-02
-5.431664735078811646e-02
-5.544091016054153442e-02
-4.561942070722579956e-02
-5.154529213905334473e-02
-5.537116527557373047e-02
-6.414000689983367920e-02
-4.823862016201019287e-02
-6.500607728958129883e-02
-3.707714378833770752e-02
-3.658159077167510986e-02
-6.411521136760711670e-02
-6.182377785444259644e-02
-5.617079138755798340e-02
-3.691417723894119263e-02
-4.761020466685295105e-02
-4.047964513301849365e-02
-5.106258392333984375e-02
-4.257195815443992615e-02
-3.884056955575942993e-02
-5.362299084663391113e-02
-3.185587003827095032e-02
-4.523532837629318237e-02
-4.012067615985870361e-02
-5.171450227499008179e-02
-5.585860833525657654e-02
-5.914161354303359985e-02
-4.960190877318382263e-02
-5.942144244909286499e-02
-6.893672794103622437e-02
-5.675646662712097168e-02
-4.491128772497177124e-02
-5.974393710494041443e-02
-4.778254032135009766e-02
-4.573556780815124512e-02
-6.880050152540206909e-02
-6.079684197902679443e-02
-5.841778591275215149e-02
-4.953254014253616333e-02
-6.842374801635742188e-02
-3.308347240090370178e-02
-4.861353337764739990e-02
-8.559814095497131348e-02
-4.597172141075134277e-02
-7.663097232580184937e-02
-5.537094548344612122e-02
-6.279234588146209717e-02
-5.519303679466247559e-02
-6.047727167606353760e-02
-4.470876231789588928e-02
-5.161010101437568665e-02
-4.695361480116844177e-02
-4.886878281831741333e-02
-5.446993932127952576e-02
-4.966520145535469055e-02
-4.809495434165000916e-02
-6.313856691122055054e-02
-7.923750579357147217e-02
-5.705612152814865112e-02
-7.485954463481903076e-02
-6.584566831588745117e-02
-6.029150262475013733e-02
-4.468104988336563110e-02
-6.352500617504119873e-02
-4.640132188796997070e-02
-6.519736349582672119e-02
-2.676801756024360657e-02
-6.060790270566940308e-02
-7.151898741722106934e-02
-8.909890800714492798e-02
-4.524455964565277100e-02
-5.812397599220275879e-02
-5.281440913677215576e-02
-6.344251334667205811e-02
-5.930567160248756409e-02
-3.920421004295349121e-02
-4.910572618246078491e-02
-4.689311236143112183e-02
-4.319401085376739502e-02
-5.803494155406951904e-02
-4.719464480876922607e-02
-5.881148576736450195e-02
-4.537010565400123596e-02
-5.203631520271301270e-02
-4.905518889427185059e-02
-4.112747311592102051e-02
-4.299691319465637207e-02
-3.621718287467956543e-02
-4.220481961965560913e-02
-6.056595593690872192e-02
-4.269835352897644043e-02
-5.877465382218360901e-02
-2.853136137127876282e-02
-7.975338399410247803e-02
-5.662898719310760498e-02
-6.558092683553695679e-02
-4.999326914548873901e-02
-5.796734988689422607e-02
-4.325026273727416992e-02
-6.060064956545829773e-02
-3.503974527120590210e-02
-5.764860659837722778e-02
-6.895479559898376465e-02
-4.469493404030799866e-02
-5.710365623235702515e-02
-6.294199824333190918e-02
-6.669114530086517334e-02
-4.891809076070785522e-02
-5.170360207557678223e-02
-5.259868875145912170e-02
-6.388591229915618896e-02
-3.279878199100494385e-02
-5.845122411847114563e-02
-6.832772493362426758e-02
-5.943397432565689087e-02
-5.257165431976318359e-02
-6.069435924291610718e-02
-4.574414342641830444e-02
-6.157195568084716797e-02
-6.637398898601531982e-02
-4.885109513998031616e-02
-6.526716798543930054e-02
-5.368368327617645264e-02
-4.976330697536468506e-02
-6.993573158979415894e-02
-5.460932105779647827e-02
-5.494919046759605408e-02
-5.092168599367141724e-02
-4.270493239164352417e-02
-4.348201304674148560e-02
-6.211265176534652710e-02
-5.189057439565658569e-02
-6.943697482347488403e-02
-6.157723069190979004e-02
-4.516500234603881836e-02
-5.484653264284133911e-02
-6.540348380804061890e-02
-5.502492189407348633e-02
-4.016853868961334229e-02
-7.762749493122100830e-02
-5.782292783260345459e-02
-5.483804643154144287e-02
-3.659774363040924072e-02
-4.386131465435028076e-02
-4.898263514041900635e-02
-6.198531389236450195e-02
-5.614419654011726379e-02
-4.275009036064147949e-02
-7.118065655231475830e-02
-6.153510510921478271e-02
-4.859630391001701355e-02
-6.719326972961425781e-02
-6.331584602594375610e-02
-5.701455473899841309e-02
-6.199358031153678894e-02
-5.892328917980194092e-02
-6.390798836946487427e-02
-5.955073982477188110e-02
-7.829248905181884766e-02
-5.581619590520858765e-02
-6.678872555494308472e-02
-6.350748240947723389e-02
-5.958958715200424194e-02
-5.463988706469535828e-02
-3.696241229772567749e-02
-4.890008270740509033e-02
-4.630988836288452148e-02
-5.591544508934020996e-02
-7.635209709405899048e-02
-3.442588448524475098e-02
-2.960106730461120605e-02
-5.457240343093872070e-02
-6.550268083810806274e-02
-5.952003598213195801e-02
-4.004126042127609253e-02
-3.976625204086303711e-02
-3.394869714975357056e-02
-4.603213071823120117e-02
-7.458130270242691040e-02
-7.356365770101547241e-02
-5.974698066711425781e-02
-7.725041359663009644e-02
-4.103040695190429688e-02
-5.002392828464508057e-02
-7.707241177558898926e-02
-4.228024929761886597e-02
-6.552486121654510498e-02
-3.951890021562576294e-02
-4.828541725873947144e-02
-5.359617620706558228e-02
-4.134295135736465454e-02
-6.133965775370597839e-02
-6.171587109565734863e-02
-6.089997664093971252e-02
-4.472036659717559814e-02
-3.045753389596939087e-02
-3.967408835887908936e-02
-6.169898435473442078e-02
-4.638598859310150146e-02
-5.350958555936813354e-02
-4.178965836763381958e-02
-5.954752862453460693e-02
-5.239422619342803955e-02
-7.216000556945800781e-02
-6.879016757011413574e-02
-7.815264165401458740e-02
-6.901291012763977051e-02
-4.830802232027053833e-02
-5.522802472114562988e-02
-5.343777686357498169e-02
-5.154544860124588013e-02
-6.593564897775650024e-02
-4.717679321765899658e-02
-4.854536056518554688e-02
-6.517387181520462036e-02
-4.394717514514923096e-02
-5.862435698509216309e-02
-5.251190066337585449e-02
-7.451695203781127930e-02
-5.370798707008361816e-02
-5.958767980337142944e-02
-8.378082513809204102e-02
-5.944948643445968628e-02
-7.495276629924774170e-02
-5.034849792718887329e-02
-5.063705146312713623e-02
-4.944035410881042480e-02
-3.831250965595245361e-02
-6.686601042747497559e-02
-6.327149271965026855e-02
-6.976573169231414795e-02
-5.883192270994186401e-02
-5.713832378387451172e-02
-5.198997259140014648e-02
-5.151201039552688599e-02
-4.579074680805206299e-02
-4.617150872945785522e-02
-4.083468019962310791e-02
-5.345787853002548218e-02
-7.401768118143081665e-02
-3.785444051027297974e-02
-6.920428574085235596e-02
-3.934890776872634888e-02
-6.120157241821289062e-02
-4.940248280763626099e-02
-3.871800750494003296e-02
-5.363000929355621338e-02
-3.986690938472747803e-02
-5.054103583097457886e-02
-7.136546075344085693e-02
-5.599573999643325806e-02
-6.337652355432510376e-02
-6.295195221900939941e-02
-6.151880323886871338e-02
-5.702741444110870361e-02
-6.067422777414321899e-02
-5.019037425518035889e-02
-4.484608769416809082e-02
-5.147747695446014404e-02
-5.527662485837936401e-02
-3.902274370193481445e-02
-4.646712541580200195e-02
-4.350568354129791260e-02
-2.863916009664535522e-02
-5.472093075513839722e-02
-4.515200108289718628e-02
-6.115896999835968018e-02
-5.621328949928283691e-02
-5.008173733949661255e-02
-5.342079699039459229e-02
-6.246535480022430420e-02
-5.535878986120223999e-02
-5.577970296144485474e-02
-4.844045639038085938e-02
-5.118528753519058228e-02
-6.940443813800811768e-02
-5.306677520275115967e-02
-4.236003756523132324e-02
-5.195119231939315796e-02
-5.106511712074279785e-02
-5.469793826341629028e-02
-4.560661315917968750e-02
-4.560318589210510254e-02
-4.510291665792465210e-02
-5.135662853717803955e-02
-3.963460028171539307e-02
-4.742884635925292969e-02
-3.972002118825912476e-02
-5.008800327777862549e-02
-4.425441473722457886e-02
-4.436378180980682373e-02
-5.624103546142578125e-02
-4.946674406528472900e-02
-4.688696563243865967e-02
-4.887045919895172119e-02
-3.853735327720642090e-02
-7.230605185031890869e-02
-4.944504052400588989e-02
-4.994492977857589722e-02
-4.310804605484008789e-02
-5.181162059307098389e-02
-4.147540777921676636e-02
-4.399258643388748169e-02
-4.809245467185974121e-02
-5.646868050098419189e-02
-4.752074182033538818e-02
-3.069549798965454102e-02
-5.240116268396377563e-02
-5.772203207015991211e-02
-5.052357912063598633e-02
-5.839303135871887207e-02
-7.482454180717468262e-02
-7.410746812820434570e-02
-4.851505905389785767e-02
-3.852260112762451172e-02
-6.038354337215423584e-02
-3.920675814151763916e-02
-3.489704430103302002e-02
-4.691927880048751831e-02
-5.165135115385055542e-02
-6.568400561809539795e-02
-6.032781302928924561e-02
-4.890218377113342285e-02
-3.489367663860321045e-02
-5.081558227539062500e-02
-2.368693053722381592e-02
-5.272347480058670044e-02
-3.657752275466918945e-02
-3.450845181941986084e-02
-5.686330795288085938e-02
-4.685556143522262573e-02
-3.048435598611831665e-02
-6.322888284921646118e-02
-3.553821146488189697e-02
-6.625424325466156006e-02
-4.140137135982513428e-02
-6.485764682292938232e-02
-3.216604888439178467e-02
-4.889025539159774780e-02
-7.533152401447296143e-02
-3.461477905511856079e-02
-6.528390944004058838e-02
-5.791288614273071289e-02
-6.309519708156585693e-02
-5.523228645324707031e-02
-7.402024418115615845e-02
-3.549604117870330811e-02
-7.059112191200256348e-02
-5.786764621734619141e-02
-5.594131350517272949e-02
-6.885772943496704102e-02
-6.339265406131744385e-02
-6.091792136430740356e-02
-4.199699312448501587e-02
-4.709941893815994263e-02
-7.736273109912872314e-02
-6.334580481052398682e-02
-4.891040176153182983e-02
-3.928792476654052734e-02
-3.808155655860900879e-02
-5.772823095321655273e-02
-6.426522135734558105e-02
-5.144403129816055298e-02
-4.058814048767089844e-02
-4.281051456928253174e-02
-2.973861992359161377e-02
-4.704689979553222656e-02
-4.528454691171646118e-02
-5.328063666820526123e-02
-3.997424244880676270e-02
-6.577691435813903809e-02
-5.772353708744049072e-02
-5.438293516635894775e-02
-5.186950415372848511e-02
-3.992117196321487427e-02
-5.179615691304206848e-02
-5.441939830780029297e-02
-5.654829740524291992e-02
-5.240269750356674194e-02
-3.733916580677032471e-02
-3.903305530548095703e-02
-2.295301854610443115e-02
-4.598544538021087646e-02
-6.369236111640930176e-02
-6.605301797389984131e-02
-5.803322792053222656e-02
-5.085220187902450562e-02
-2.831105887889862061e-02
-4.491855204105377197e-02
-4.450052231550216675e-02
-3.174918144941329956e-02
-4.600549489259719849e-02
-5.934388190507888794e-02
-4.681315273046493530e-02
-4.917848855257034302e-02
-3.779890388250350952e-02
-7.558932900428771973e-02
-5.006079375743865967e-02
-6.056177616119384766e-02
-5.295393615961074829e-02
-5.603899061679840088e-02
-4.172769188880920410e-02
-3.900008648633956909e-02
-7.312667369842529297e-02
-4.884679615497589111e-02
-5.091495066881179810e-02
-3.142562508583068848e-02
-5.265145003795623779e-02
-4.557055979967117310e-02
-8.702428638935089111e-02
-7.660701125860214233e-02
-4.523058980703353882e-02
-4.274464398622512817e-02
-5.923071503639221191e-02
-6.532051414251327515e-02
-3.372077643871307373e-02
-3.092187643051147461e-02
-5.006633698940277100e-02
-7.422982156276702881e-02
-5.547711998224258423e-02
-7.018260657787322998e-02
-5.632200092077255249e-02
-3.518015146255493164e-02
-5.104389786720275879e-02
-4.612841457128524780e-02
-4.937735199928283691e-02
-4.391679912805557251e-02
-5.735033750534057617e-02
-4.968728870153427124e-02
-4.832227528095245361e-02
-5.176027119159698486e-02
-4.967495799064636230e-02
-3.983447700738906860e-02
-3.860981017351150513e-02
-5.307143181562423706e-02
-3.697365522384643555e-02
-5.104944854974746704e-02
-3.116306662559509277e-02
-4.394511133432388306e-02
-5.540651082992553711e-02
-4.612577706575393677e-02
-4.282893240451812744e-02
-4.976506531238555908e-02
-5.898253619670867920e-02
-4.121340811252593994e-02
-4.172281920909881592e-02
-6.016530841588973999e-02
-4.418371617794036865e-02
-4.774214327335357666e-02
-5.883473157882690430e-02
-5.075383931398391724e-02
-7.076819241046905518e-02
-7.016061246395111084e-02
-6.690181046724319458e-02
-4.591860622167587280e-02
-5.138237029314041138e-02
-4.710150510072708130e-02
-3.149697184562683105e-02
-2.853641659021377563e-02
-5.062437802553176880e-02
-3.547513484954833984e-02
-6.699600070714950562e-02
-4.273850470781326294e-02
-4.609358310699462891e-02
-6.803674995899200439e-02
-7.439409941434860229e-02
-4.058863967657089233e-02
-5.322334170341491699e-02
-5.398742854595184326e-02
-4.777739942073822021e-02
-3.016349673271179199e-02
-4.411946982145309448e-02
-3.208355605602264404e-02
-5.601545423269271851e-02
-2.795623242855072021e-02
-4.568614065647125244e-02
-4.150168597698211670e-02
-4.650768637657165527e-02
-5.490447580814361572e-02
-4.083377122879028320e-02
-4.860167205333709717e-02
-4.662736505270004272e-02
-5.979421734809875488e-02
-6.078296527266502380e-02
-5.029611289501190186e-02
-3.664319217205047607e-02
-4.822982102632522583e-02
-4.039911180734634399e-02
-3.847254812717437744e-02
-5.110196769237518311e-02
-5.462082475423812866e-02
-6.735392659902572632e-02
-5.852289497852325439e-02
-6.016266345977783203e-02
-4.420884698629379272e-02
-4.780506342649459839e-02
-4.897885024547576904e-02
-3.470582515001296997e-02
-5.794727057218551636e-02
-4.383823275566101074e-02
-4.813314974308013916e-02
-4.698097705841064453e-02
-5.816361308097839355e-02
-5.619622766971588135e-02
-6.520509719848632812e-02
-3.687955439090728760e-02
-4.556149244308471680e-02
-3.533837944269180298e-02
-5.215597152709960938e-02
-6.365399062633514404e-02
-4.792787134647369385e-02
-4.448504745960235596e-02
-6.010670214891433716e-02
-4.857738316059112549e-02
-3.781289607286453247e-02
-4.364454746246337891e-02
-4.206098616123199463e-02
-2.556556463241577148e-02
-4.770308732986450195e-02
-4.213245958089828491e-02
-5.955496430397033691e-02
-4.631985723972320557e-02
-6.082636117935180664e-02
-5.828871577978134155e-02
-4.906870424747467041e-02
-5.104579031467437744e-02
-4.576550424098968506e-02
-3.741707652807235718e-02
-4.945203661918640137e-02
-6.165262311697006226e-02
-5.696374922990798950e-02
-6.360777467489242554e-02
-3.711339831352233887e-02
-3.383234143257141113e-02
-5.363213270902633667e-02
-5.920340120792388916e-02
-5.103264749050140381e-02
-3.299258649349212646e-02
-5.586133897304534912e-02
-4.934208840131759644e-02
-5.872423946857452393e-02
-4.805615544319152832e-02
-5.521015822887420654e-02
-4.161721467971801758e-02
-5.491982400417327881e-02
-6.758245825767517090e-02
-4.409974813461303711e-02
-4.937824606895446777e-02
-4.303926229476928711e-02
-4.832845926284790039e-02
-3.539014607667922974e-02
-5.358853936195373535e-02
-4.998858273029327393e-02
-6.893286854028701782e-02
-3.918611258268356323e-02
-3.759990632534027100e-02
-5.425697565078735352e-02
-5.594505369663238525e-02
-3.264859318733215332e-02
-3.934027254581451416e-02
-4.730633646249771118e-02
-4.950624704360961914e-02
-5.227437615394592285e-02
-4.289288073778152466e-02
-7.364337146282196045e-02
-5.215660482645034790e-02
-3.954172134399414062e-02
-3.416435420513153076e-02
-4.248396307229995728e-02
-3.542826324701309204e-02
-5.668929219245910645e-02
-5.223932862281799316e-02
-4.520207643508911133e-02
-4.570236057043075562e-02
-3.753700852394104004e-02
-1.969087123870849609e-02
-3.760942816734313965e-02
-4.371356219053268433e-02
-6.280342489480972290e-02
-4.947368800640106201e-02
-5.514985322952270508e-02
-4.573230445384979248e-02
-5.594064295291900635e-02
-3.480927646160125732e-02
-3.547789156436920166e-02
-4.898850619792938232e-02
-6.439559906721115112e-02
-4.485042393207550049e-02
-4.772984236478805542e-02
-4.584455490112304688e-02
-2.907273173332214355e-02
-4.161396622657775879e-02
-6.349717825651168823e-02
-4.143534600734710693e-02
-4.778498411178588867e-02
-6.882800906896591187e-02
-5.577370524406433105e-02
-6.906291842460632324e-02
-6.090338528156280518e-02
-4.866754263639450073e-02
-4.503265768289566040e-02
-4.642408341169357300e-02
